 time            vcmp            p1              p2             
 0.00000000e+00  1.41527641e+00  0.00000000e+00  0.00000000e+00 
 1.00000000e-09  1.41500094e+00  1.50000000e-02  0.00000000e+00 
 2.00000000e-09  1.41469699e+00  3.00000000e-02  0.00000000e+00 
 4.00000000e-09  1.41406302e+00  6.00000000e-02  0.00000000e+00 
 8.00000000e-09  1.41270912e+00  1.20000000e-01  0.00000000e+00 
 1.12088796e-08  1.41152340e+00  1.68133194e-01  0.00000000e+00 
 1.37573920e-08  1.41051026e+00  2.06360880e-01  0.00000000e+00 
 1.60400167e-08  1.40954323e+00  2.40600251e-01  0.00000000e+00 
 1.97337734e-08  1.40784496e+00  2.96006601e-01  0.00000000e+00 
 2.12985215e-08  1.40707058e+00  3.19477822e-01  0.00000000e+00 
 2.33814513e-08  1.40598356e+00  3.50721769e-01  0.00000000e+00 
 2.55489704e-08  1.40477883e+00  3.83234556e-01  0.00000000e+00 
 2.82040558e-08  1.40319057e+00  4.23060837e-01  0.00000000e+00 
 3.08756475e-08  1.40145392e+00  4.63134712e-01  0.00000000e+00 
 3.21998302e-08  1.40053682e+00  4.82997453e-01  0.00000000e+00 
 3.31086174e-08  1.39988438e+00  4.96629260e-01  0.00000000e+00 
 3.37900959e-08  1.39938234e+00  5.06851439e-01  0.00000000e+00 
 3.44618312e-08  1.39887647e+00  5.16927468e-01  0.00000000e+00 
 3.52899491e-08  1.39573220e+00  5.29349236e-01  0.00000000e+00 
 3.56614664e-08  1.38871805e+00  5.34921996e-01  0.00000000e+00 
 3.61412045e-08  1.38089811e+00  5.42118068e-01  0.00000000e+00 
 3.67638571e-08  1.37194161e+00  5.51457856e-01  0.00000000e+00 
 3.73926034e-08  1.36313407e+00  5.60889051e-01  0.00000000e+00 
 3.86500960e-08  1.34621497e+00  5.79751440e-01  0.00000000e+00 
 4.11650813e-08  1.31424145e+00  6.17476220e-01  0.00000000e+00 
 4.41763967e-08  1.27476139e+00  6.62645950e-01  0.00000000e+00 
 4.84826240e-08  1.20571677e+00  7.27239360e-01  0.00000000e+00 
 5.07813572e-08  1.15936314e+00  7.61720359e-01  0.00000000e+00 
 5.21070169e-08  1.12970508e+00  7.81605254e-01  0.00000000e+00 
 5.36177064e-08  1.09365689e+00  8.04265596e-01  0.00000000e+00 
 5.50349534e-08  1.05857763e+00  8.25524301e-01  0.00000000e+00 
 5.78694474e-08  9.88581538e-01  8.68041712e-01  0.00000000e+00 
 6.29038192e-08  8.80438741e-01  9.43557288e-01  0.00000000e+00 
 6.81919171e-08  8.03274596e-01  1.02287876e+00  0.00000000e+00 
 6.99293716e-08  7.86764291e-01  1.04894057e+00  0.00000000e+00 
 7.08647696e-08  7.78941171e-01  1.06297154e+00  0.00000000e+00 
 7.15022364e-08  7.72828147e-01  1.07253355e+00  0.00000000e+00 
 7.22655791e-08  7.65358760e-01  1.08398369e+00  0.00000000e+00 
 7.25197199e-08  7.66158216e-01  1.08779580e+00  0.00000000e+00 
 7.29037037e-08  7.68395669e-01  1.09355556e+00  0.00000000e+00 
 7.31661017e-08  7.68748757e-01  1.09749153e+00  0.00000000e+00 
 7.35283232e-08  7.67981733e-01  1.10292485e+00  0.00000000e+00 
 7.39700205e-08  7.66661093e-01  1.10955031e+00  0.00000000e+00 
 7.46280242e-08  7.65257959e-01  1.11942036e+00  0.00000000e+00 
 7.53604766e-08  7.64285256e-01  1.13040715e+00  0.00000000e+00 
 7.67106329e-08  7.62873971e-01  1.15065949e+00  0.00000000e+00 
 7.91633183e-08  7.60902075e-01  1.18744977e+00  0.00000000e+00 
 8.17265125e-08  7.59318358e-01  1.22589769e+00  0.00000000e+00 
 8.68529008e-08  7.56733327e-01  1.30279351e+00  0.00000000e+00 
 9.33901860e-08  7.53913645e-01  1.40085279e+00  0.00000000e+00 
 1.00000000e-07  7.51371021e-01  1.50000000e+00  0.00000000e+00 
 1.00876016e-07  7.51132828e-01  1.50000000e+00  0.00000000e+00 
 1.02628049e-07  7.50736918e-01  1.50000000e+00  0.00000000e+00 
 1.05969281e-07  7.49965128e-01  1.50000000e+00  0.00000000e+00 
 1.12085631e-07  7.48566294e-01  1.50000000e+00  0.00000000e+00 
 1.24318330e-07  7.45839783e-01  1.50000000e+00  0.00000000e+00 
 1.48783729e-07  7.40681102e-01  1.50000000e+00  0.00000000e+00 
 1.95985891e-07  7.32779766e-01  1.50000000e+00  0.00000000e+00 
 2.12588846e-07  7.31375498e-01  1.50000000e+00  0.00000000e+00 
 2.26704742e-07  7.30909335e-01  1.50000000e+00  0.00000000e+00 
 2.36864850e-07  7.30804134e-01  1.50000000e+00  0.00000000e+00 
 2.47396579e-07  7.30764262e-01  1.50000000e+00  0.00000000e+00 
 2.61675080e-07  7.30742994e-01  1.50000000e+00  0.00000000e+00 
 2.74778962e-07  7.30734731e-01  1.50000000e+00  0.00000000e+00 
 2.83678241e-07  7.30731368e-01  1.50000000e+00  0.00000000e+00 
 2.92991491e-07  7.30728853e-01  1.50000000e+00  0.00000000e+00 
 3.03311190e-07  7.30726750e-01  1.50000000e+00  0.00000000e+00 
 3.15624149e-07  7.30724922e-01  1.50000000e+00  0.00000000e+00 
 3.27572288e-07  7.30723514e-01  1.50000000e+00  0.00000000e+00 
 3.41375508e-07  7.30722256e-01  1.50000000e+00  0.00000000e+00 
 3.55583129e-07  7.30721253e-01  1.50000000e+00  0.00000000e+00 
 3.72430077e-07  7.30720336e-01  1.50000000e+00  0.00000000e+00 
 3.91047336e-07  7.30719525e-01  1.50000000e+00  0.00000000e+00 
 4.13994930e-07  7.30718838e-01  1.50000000e+00  0.00000000e+00 
 4.41386105e-07  7.30718252e-01  1.50000000e+00  0.00000000e+00 
 4.77280644e-07  7.30717713e-01  1.50000000e+00  0.00000000e+00 
 5.25012855e-07  7.30717234e-01  1.50000000e+00  0.00000000e+00 
 5.97003288e-07  7.30716759e-01  1.50000000e+00  0.00000000e+00 
 7.19294457e-07  7.30716211e-01  1.50000000e+00  0.00000000e+00 
 9.63876796e-07  7.30715337e-01  1.50000000e+00  0.00000000e+00 
 1.45304147e-06  7.30713674e-01  1.50000000e+00  0.00000000e+00 
 2.10000000e-06  7.30711471e-01  1.50000000e+00  0.00000000e+00 
 2.10277478e-06  7.31556447e-01  1.45837837e+00  0.00000000e+00 
 2.10832433e-06  7.34251427e-01  1.37513511e+00  0.00000000e+00 
 2.11057774e-06  7.35615613e-01  1.34133383e+00  0.00000000e+00 
 2.11408563e-06  7.38028208e-01  1.28871552e+00  0.00000000e+00 
 2.11728282e-06  7.40682703e-01  1.24075763e+00  0.00000000e+00 
 2.11966577e-06  7.43161740e-01  1.20501346e+00  0.00000000e+00 
 2.12129998e-06  7.45305632e-01  1.18050025e+00  0.00000000e+00 
 2.12256360e-06  7.47372742e-01  1.16154605e+00  0.00000000e+00 
 2.12377518e-06  7.49860756e-01  1.14337236e+00  0.00000000e+00 
 2.12505424e-06  7.53247175e-01  1.12418633e+00  0.00000000e+00 
 2.12647904e-06  7.58268460e-01  1.10281436e+00  0.00000000e+00 
 2.12801317e-06  7.65588536e-01  1.07980239e+00  0.00000000e+00 
 2.12958856e-06  7.75645449e-01  1.05617156e+00  0.00000000e+00 
 2.13146094e-06  7.90988048e-01  1.02808589e+00  0.00000000e+00 
 2.13259616e-06  8.01385067e-01  1.01105767e+00  0.00000000e+00 
 2.13387367e-06  8.16073210e-01  9.91894996e-01  0.00000000e+00 
 2.13549745e-06  8.38928219e-01  9.67538182e-01  0.00000000e+00 
 2.13714636e-06  8.66120696e-01  9.42804557e-01  0.00000000e+00 
 2.14044418e-06  9.32111259e-01  8.93337308e-01  0.00000000e+00 
 2.14400711e-06  1.01827015e+00  8.39893320e-01  0.00000000e+00 
 2.14734646e-06  1.10465180e+00  7.89803133e-01  0.00000000e+00 
 2.14993892e-06  1.16679426e+00  7.50916257e-01  0.00000000e+00 
 2.15172572e-06  1.20410334e+00  7.24114274e-01  0.00000000e+00 
 2.15287127e-06  1.22517840e+00  7.06930942e-01  0.00000000e+00 
 2.15420143e-06  1.24742139e+00  6.86978607e-01  0.00000000e+00 
 2.15588237e-06  1.27270785e+00  6.61764523e-01  0.00000000e+00 
 2.15790645e-06  1.30016950e+00  6.31403189e-01  0.00000000e+00 
 2.16092110e-06  1.33863076e+00  5.86183499e-01  0.00000000e+00 
 2.16346025e-06  1.37288865e+00  5.48096272e-01  0.00000000e+00 
 2.16473244e-06  1.39114693e+00  5.29013409e-01  0.00000000e+00 
 2.16557405e-06  1.39859000e+00  5.16389242e-01  0.00000000e+00 
 2.16658774e-06  1.39973511e+00  5.01183876e-01  0.00000000e+00 
 2.16697150e-06  1.39988967e+00  4.95427450e-01  0.00000000e+00 
 2.16761058e-06  1.40032445e+00  4.85841369e-01  0.00000000e+00 
 2.16812614e-06  1.40069332e+00  4.78107966e-01  0.00000000e+00 
 2.16883661e-06  1.40118729e+00  4.67450811e-01  0.00000000e+00 
 2.16995283e-06  1.40193921e+00  4.50707588e-01  0.00000000e+00 
 2.17218526e-06  1.40336584e+00  4.17221141e-01  0.00000000e+00 
 2.17475029e-06  1.40488756e+00  3.78745643e-01  0.00000000e+00 
 2.17872915e-06  1.40702717e+00  3.19062704e-01  0.00000000e+00 
 2.18402263e-06  1.40951875e+00  2.39660480e-01  0.00000000e+00 
 2.19088160e-06  1.41226048e+00  1.36775975e-01  0.00000000e+00 
 2.20000000e-06  1.41525589e+00  0.00000000e+00  0.00000000e+00 
 2.20097860e-06  1.41527526e+00  0.00000000e+00  0.00000000e+00 
 2.20293580e-06  1.41527610e+00  0.00000000e+00  0.00000000e+00 
 2.20685021e-06  1.41527579e+00  0.00000000e+00  0.00000000e+00 
 2.21467902e-06  1.41527578e+00  0.00000000e+00  0.00000000e+00 
 2.22960751e-06  1.41527578e+00  0.00000000e+00  0.00000000e+00 
 2.24874042e-06  1.41527578e+00  0.00000000e+00  0.00000000e+00 
 2.25000000e-06  1.41527578e+00  0.00000000e+00  0.00000000e+00 
 2.25251915e-06  1.41527578e+00  0.00000000e+00  3.77872656e-02 
 2.25755745e-06  1.41527578e+00  0.00000000e+00  1.13361797e-01 
 2.26763406e-06  1.41527578e+00  0.00000000e+00  2.64510859e-01 
 2.28012694e-06  1.41527578e+00  0.00000000e+00  4.51904121e-01 
 2.28468647e-06  1.41527578e+00  0.00000000e+00  5.20297099e-01 
 2.29266565e-06  1.41527578e+00  0.00000000e+00  6.39984809e-01 
 2.29725712e-06  1.41527578e+00  0.00000000e+00  7.08856741e-01 
 2.29990351e-06  1.41527578e+00  0.00000000e+00  7.48552634e-01 
 2.30145329e-06  1.41528323e+00  0.00000000e+00  7.71799386e-01 
 2.30225462e-06  1.41525977e+00  0.00000000e+00  7.83819270e-01 
 2.30322032e-06  1.41528077e+00  0.00000000e+00  7.98304727e-01 
 2.30429456e-06  1.41527693e+00  0.00000000e+00  8.14418449e-01 
 2.30588588e-06  1.41527555e+00  0.00000000e+00  8.38288219e-01 
 2.30906852e-06  1.41527572e+00  0.00000000e+00  8.86027759e-01 
 2.31543379e-06  1.41527578e+00  0.00000000e+00  9.81506840e-01 
 2.32816433e-06  1.41527578e+00  0.00000000e+00  1.17246500e+00 
 2.35000000e-06  1.41527578e+00  0.00000000e+00  1.50000000e+00 
 2.35222320e-06  1.41527578e+00  0.00000000e+00  1.50000000e+00 
 2.35666961e-06  1.41527578e+00  0.00000000e+00  1.50000000e+00 
 2.36556242e-06  1.41527578e+00  0.00000000e+00  1.50000000e+00 
 2.38334803e-06  1.41527578e+00  0.00000000e+00  1.50000000e+00 
 2.41891927e-06  1.41527578e+00  0.00000000e+00  1.50000000e+00 
 2.49006174e-06  1.41527578e+00  0.00000000e+00  1.50000000e+00 
 2.57232219e-06  1.41527578e+00  0.00000000e+00  1.50000000e+00 
 2.68653975e-06  1.41527578e+00  0.00000000e+00  1.50000000e+00 
 2.82895334e-06  1.41527578e+00  0.00000000e+00  1.50000000e+00 
 3.05458454e-06  1.41527579e+00  0.00000000e+00  1.50000000e+00 
 3.44603101e-06  1.41527579e+00  0.00000000e+00  1.50000000e+00 
 4.22892395e-06  1.41527580e+00  0.00000000e+00  1.50000000e+00 
 4.35000000e-06  1.41527580e+00  0.00000000e+00  1.50000000e+00 
 4.36000000e-06  1.41527580e+00  0.00000000e+00  1.35000000e+00 
 4.38000000e-06  1.41527580e+00  0.00000000e+00  1.05000000e+00 
 4.38458333e-06  1.41527580e+00  0.00000000e+00  9.81250000e-01 
 4.39260417e-06  1.41527580e+00  0.00000000e+00  8.60937500e-01 
 4.40148437e-06  1.41527580e+00  0.00000000e+00  7.27734375e-01 
 4.41924479e-06  1.41527580e+00  0.00000000e+00  4.61328125e-01 
 4.45000000e-06  1.41527580e+00  0.00000000e+00  0.00000000e+00 
 4.45355208e-06  1.41527580e+00  0.00000000e+00  0.00000000e+00 
 4.46065625e-06  1.41527580e+00  0.00000000e+00  0.00000000e+00 
 4.47486458e-06  1.41527580e+00  0.00000000e+00  0.00000000e+00 
 4.50000000e-06  1.41527580e+00  0.00000000e+00  0.00000000e+00 
 4.50195812e-06  1.41470553e+00  2.93718320e-02  0.00000000e+00 
 4.50587437e-06  1.41344417e+00  8.81154959e-02  0.00000000e+00 
 4.51081154e-06  1.41167481e+00  1.62173111e-01  0.00000000e+00 
 4.51374000e-06  1.41051672e+00  2.06099961e-01  0.00000000e+00 
 4.51636291e-06  1.40940091e+00  2.45443720e-01  0.00000000e+00 
 4.52005445e-06  1.40768838e+00  3.00816755e-01  0.00000000e+00 
 4.52160917e-06  1.40691194e+00  3.24137480e-01  0.00000000e+00 
 4.52385684e-06  1.40572528e+00  3.57852625e-01  0.00000000e+00 
 4.52653616e-06  1.40420266e+00  3.98042468e-01  0.00000000e+00 
 4.52940904e-06  1.40242464e+00  4.41135634e-01  0.00000000e+00 
 4.53080229e-06  1.40150283e+00  4.62034419e-01  0.00000000e+00 
 4.53277180e-06  1.40012767e+00  4.91576956e-01  0.00000000e+00 
 4.53370509e-06  1.39944481e+00  5.05576305e-01  0.00000000e+00 
 4.53458334e-06  1.39878295e+00  5.18750088e-01  0.00000000e+00 
 4.53530395e-06  1.39541027e+00  5.29559309e-01  0.00000000e+00 
 4.53568939e-06  1.38818288e+00  5.35340922e-01  0.00000000e+00 
 4.53617527e-06  1.38039222e+00  5.42629030e-01  0.00000000e+00 
 4.53672042e-06  1.37258181e+00  5.50806245e-01  0.00000000e+00 
 4.53741665e-06  1.36280401e+00  5.61249740e-01  0.00000000e+00 
 4.53880912e-06  1.34413742e+00  5.82136729e-01  0.00000000e+00 
 4.54159405e-06  1.30880870e+00  6.23910709e-01  0.00000000e+00 
 4.54453268e-06  1.26975378e+00  6.67990204e-01  0.00000000e+00 
 4.54853890e-06  1.20468154e+00  7.28083532e-01  0.00000000e+00 
 4.55000819e-06  1.17559119e+00  7.50122789e-01  0.00000000e+00 
 4.55072479e-06  1.16071792e+00  7.60871805e-01  0.00000000e+00 
 4.55137654e-06  1.14641268e+00  7.70648103e-01  0.00000000e+00 
 4.55209942e-06  1.12990398e+00  7.81491360e-01  0.00000000e+00 
 4.55354519e-06  1.09541933e+00  8.03177875e-01  0.00000000e+00 
 4.55586328e-06  1.03794005e+00  8.37949240e-01  0.00000000e+00 
 4.55991752e-06  9.41208781e-01  8.98762781e-01  0.00000000e+00 
 4.56568285e-06  8.34896807e-01  9.85242685e-01  0.00000000e+00 
 4.57031503e-06  7.83394107e-01  1.05472547e+00  0.00000000e+00 
 4.57106399e-06  7.77992995e-01  1.06595992e+00  0.00000000e+00 
 4.57171853e-06  7.73250501e-01  1.07577793e+00  0.00000000e+00 
 4.57209613e-06  7.70133920e-01  1.08144195e+00  0.00000000e+00 
 4.57248263e-06  7.66322601e-01  1.08723945e+00  0.00000000e+00 
 4.57305030e-06  7.60057941e-01  1.09575449e+00  0.00000000e+00 
 4.57324870e-06  7.60169878e-01  1.09873047e+00  0.00000000e+00 
 4.57350379e-06  7.62861967e-01  1.10255679e+00  0.00000000e+00 
 4.57373422e-06  7.64610860e-01  1.10601327e+00  0.00000000e+00 
 4.57398020e-06  7.64914200e-01  1.10970302e+00  0.00000000e+00 
 4.57428790e-06  7.64205696e-01  1.11431857e+00  0.00000000e+00 
 4.57478736e-06  7.62762679e-01  1.12181039e+00  0.00000000e+00 
 4.57549175e-06  7.61445594e-01  1.13237621e+00  0.00000000e+00 
 4.57612909e-06  7.60748314e-01  1.14193641e+00  0.00000000e+00 
 4.57740379e-06  7.59573130e-01  1.16105683e+00  0.00000000e+00 
 4.57965727e-06  7.57861743e-01  1.19485912e+00  0.00000000e+00 
 4.58204496e-06  7.56425002e-01  1.23067445e+00  0.00000000e+00 
 4.58682034e-06  7.54051372e-01  1.30230513e+00  0.00000000e+00 
 4.59383105e-06  7.51080619e-01  1.40746575e+00  0.00000000e+00 
 4.60000000e-06  7.48753067e-01  1.50000000e+00  0.00000000e+00 
 4.60085929e-06  7.48522268e-01  1.50000000e+00  0.00000000e+00 
 4.60257787e-06  7.48145083e-01  1.50000000e+00  0.00000000e+00 
 4.60575880e-06  7.47430800e-01  1.50000000e+00  0.00000000e+00 
 4.61177122e-06  7.46093552e-01  1.50000000e+00  0.00000000e+00 
 4.62379604e-06  7.43493483e-01  1.50000000e+00  0.00000000e+00 
 4.64784570e-06  7.38624914e-01  1.50000000e+00  0.00000000e+00 
 4.69198402e-06  7.32026846e-01  1.50000000e+00  0.00000000e+00 
 4.70779963e-06  7.31088491e-01  1.50000000e+00  0.00000000e+00 
 4.72012287e-06  7.30839909e-01  1.50000000e+00  0.00000000e+00 
 4.72999873e-06  7.30775825e-01  1.50000000e+00  0.00000000e+00 
 4.74103612e-06  7.30747658e-01  1.50000000e+00  0.00000000e+00 
 4.75444416e-06  7.30733016e-01  1.50000000e+00  0.00000000e+00 
 4.77017589e-06  7.30725186e-01  1.50000000e+00  0.00000000e+00 
 4.78087131e-06  7.30722076e-01  1.50000000e+00  0.00000000e+00 
 4.79109921e-06  7.30719957e-01  1.50000000e+00  0.00000000e+00 
 4.80214621e-06  7.30718234e-01  1.50000000e+00  0.00000000e+00 
 4.81433773e-06  7.30716779e-01  1.50000000e+00  0.00000000e+00 
 4.82720221e-06  7.30715571e-01  1.50000000e+00  0.00000000e+00 
 4.84170993e-06  7.30714509e-01  1.50000000e+00  0.00000000e+00 
 4.85768838e-06  7.30713605e-01  1.50000000e+00  0.00000000e+00 
 4.87639324e-06  7.30712753e-01  1.50000000e+00  0.00000000e+00 
 4.89816656e-06  7.30712077e-01  1.50000000e+00  0.00000000e+00 
 4.92514360e-06  7.30711467e-01  1.50000000e+00  0.00000000e+00 
 4.95891523e-06  7.30710934e-01  1.50000000e+00  0.00000000e+00 
 5.00476453e-06  7.30710446e-01  1.50000000e+00  0.00000000e+00 
 5.07088665e-06  7.30709988e-01  1.50000000e+00  0.00000000e+00 
 5.18246981e-06  7.30709472e-01  1.50000000e+00  0.00000000e+00 
 5.40563614e-06  7.30708683e-01  1.50000000e+00  0.00000000e+00 
 5.85196879e-06  7.30707215e-01  1.50000000e+00  0.00000000e+00 
 6.60000000e-06  7.30704751e-01  1.50000000e+00  0.00000000e+00 
 6.60319978e-06  7.31738088e-01  1.45200325e+00  0.00000000e+00 
 6.60959935e-06  7.34994737e-01  1.35600975e+00  0.00000000e+00 
 6.61189497e-06  7.36464378e-01  1.32157538e+00  0.00000000e+00 
 6.61515896e-06  7.38849401e-01  1.27261557e+00  0.00000000e+00 
 6.61796663e-06  7.41327633e-01  1.23050051e+00  0.00000000e+00 
 6.62009158e-06  7.43667154e-01  1.19862631e+00  0.00000000e+00 
 6.62162031e-06  7.45781282e-01  1.17569542e+00  0.00000000e+00 
 6.62285856e-06  7.47918862e-01  1.15712157e+00  0.00000000e+00 
 6.62405430e-06  7.50517393e-01  1.13918543e+00  0.00000000e+00 
 6.62534223e-06  7.54136352e-01  1.11986655e+00  0.00000000e+00 
 6.62678048e-06  7.59527560e-01  1.09829273e+00  0.00000000e+00 
 6.62830335e-06  7.67225934e-01  1.07544982e+00  0.00000000e+00 
 6.62991252e-06  7.78063786e-01  1.05131215e+00  0.00000000e+00 
 6.63125100e-06  7.89164944e-01  1.03123502e+00  0.00000000e+00 
 6.63221026e-06  7.97448900e-01  1.01684610e+00  0.00000000e+00 
 6.63335689e-06  8.09622640e-01  9.99646700e-01  0.00000000e+00 
 6.63485277e-06  8.29347861e-01  9.77208509e-01  0.00000000e+00 
 6.63620962e-06  8.50208345e-01  9.56855679e-01  0.00000000e+00 
 6.63892333e-06  8.99792492e-01  9.16150018e-01  0.00000000e+00 
 6.64225235e-06  9.74296075e-01  8.66214686e-01  0.00000000e+00 
 6.64710784e-06  1.09839254e+00  7.93382414e-01  0.00000000e+00 
 6.64998083e-06  1.16763132e+00  7.50287547e-01  0.00000000e+00 
 6.65207844e-06  1.21080666e+00  7.18823413e-01  0.00000000e+00 
 6.65335465e-06  1.23353470e+00  6.99680301e-01  0.00000000e+00 
 6.65486807e-06  1.25779284e+00  6.76978921e-01  0.00000000e+00 
 6.65673976e-06  1.28465152e+00  6.48903659e-01  0.00000000e+00 
 6.65900571e-06  1.31428415e+00  6.14914364e-01  0.00000000e+00 
 6.66239944e-06  1.35812049e+00  5.64008441e-01  0.00000000e+00 
 6.66372474e-06  1.37663730e+00  5.44128897e-01  0.00000000e+00 
 6.66463600e-06  1.38975426e+00  5.30459969e-01  0.00000000e+00 
 6.66525252e-06  1.39739297e+00  5.21212159e-01  0.00000000e+00 
 6.66582319e-06  1.39910392e+00  5.12652143e-01  0.00000000e+00 
 6.66637892e-06  1.39947997e+00  5.04316181e-01  0.00000000e+00 
 6.66681364e-06  1.39975763e+00  4.97795397e-01  0.00000000e+00 
 6.66728391e-06  1.40009356e+00  4.90741329e-01  0.00000000e+00 
 6.66778006e-06  1.40044927e+00  4.83299121e-01  0.00000000e+00 
 6.66841373e-06  1.40089455e+00  4.73794072e-01  0.00000000e+00 
 6.66933765e-06  1.40152733e+00  4.59935198e-01  0.00000000e+00 
 6.67104789e-06  1.40265076e+00  4.34281674e-01  0.00000000e+00 
 6.67326909e-06  1.40402278e+00  4.00963687e-01  0.00000000e+00 
 6.67653039e-06  1.40587538e+00  3.52044078e-01  0.00000000e+00 
 6.68113575e-06  1.40820526e+00  2.82963779e-01  0.00000000e+00 
 6.68721600e-06  1.41085554e+00  1.91760010e-01  0.00000000e+00 
 6.69502781e-06  1.41370170e+00  7.45827999e-02  0.00000000e+00 
 6.70000000e-06  1.41525525e+00  0.00000000e+00  0.00000000e+00 
 6.70086947e-06  1.41527461e+00  0.00000000e+00  0.00000000e+00 
 6.70260841e-06  1.41527556e+00  0.00000000e+00  0.00000000e+00 
 6.70595683e-06  1.41527521e+00  0.00000000e+00  0.00000000e+00 
 6.71265367e-06  1.41527519e+00  0.00000000e+00  0.00000000e+00 
 6.72604735e-06  1.41527520e+00  0.00000000e+00  0.00000000e+00 
 6.74332118e-06  1.41527520e+00  0.00000000e+00  0.00000000e+00 
 6.75000000e-06  1.41527520e+00  0.00000000e+00  0.00000000e+00 
 6.75296496e-06  1.41527520e+00  0.00000000e+00  4.44743361e-02 
 6.75889487e-06  1.41527520e+00  0.00000000e+00  1.33423008e-01 
 6.77075469e-06  1.41527520e+00  0.00000000e+00  3.11320353e-01 
 6.77823227e-06  1.41527520e+00  0.00000000e+00  4.23484071e-01 
 6.78667503e-06  1.41527520e+00  0.00000000e+00  5.50125440e-01 
 6.79344098e-06  1.41527520e+00  0.00000000e+00  6.51614775e-01 
 6.79836296e-06  1.41527520e+00  0.00000000e+00  7.25444431e-01 
 6.80120222e-06  1.41527723e+00  0.00000000e+00  7.68033304e-01 
 6.80273962e-06  1.41527066e+00  0.00000000e+00  7.91094349e-01 
 6.80455393e-06  1.41527705e+00  0.00000000e+00  8.18309022e-01 
 6.80641001e-06  1.41527530e+00  0.00000000e+00  8.46150164e-01 
 6.81012216e-06  1.41527512e+00  0.00000000e+00  9.01832448e-01 
 6.81754647e-06  1.41527519e+00  0.00000000e+00  1.01319702e+00 
 6.83239508e-06  1.41527520e+00  0.00000000e+00  1.23592615e+00 
 6.85000000e-06  1.41527520e+00  0.00000000e+00  1.50000000e+00 
 6.85246014e-06  1.41527520e+00  0.00000000e+00  1.50000000e+00 
 6.85738042e-06  1.41527520e+00  0.00000000e+00  1.50000000e+00 
 6.86722099e-06  1.41527520e+00  0.00000000e+00  1.50000000e+00 
 6.88690212e-06  1.41527520e+00  0.00000000e+00  1.50000000e+00 
 6.92626437e-06  1.41527520e+00  0.00000000e+00  1.50000000e+00 
 7.00498888e-06  1.41527520e+00  0.00000000e+00  1.50000000e+00 
 7.08772260e-06  1.41527520e+00  0.00000000e+00  1.50000000e+00 
 7.21061476e-06  1.41527520e+00  0.00000000e+00  1.50000000e+00 
 7.35708455e-06  1.41527521e+00  0.00000000e+00  1.50000000e+00 
 7.60643452e-06  1.41527521e+00  0.00000000e+00  1.50000000e+00 
 8.03990024e-06  1.41527522e+00  0.00000000e+00  1.50000000e+00 
 8.85000000e-06  1.41527524e+00  0.00000000e+00  1.50000000e+00 
 8.86000000e-06  1.41527524e+00  0.00000000e+00  1.35000000e+00 
 8.88000000e-06  1.41527524e+00  0.00000000e+00  1.05000000e+00 
 8.88458333e-06  1.41527524e+00  0.00000000e+00  9.81250000e-01 
 8.89260417e-06  1.41527524e+00  0.00000000e+00  8.60937500e-01 
 8.90148438e-06  1.41527524e+00  0.00000000e+00  7.27734375e-01 
 8.91924479e-06  1.41527524e+00  0.00000000e+00  4.61328125e-01 
 8.95000000e-06  1.41527524e+00  0.00000000e+00  0.00000000e+00 
 8.95355208e-06  1.41527524e+00  0.00000000e+00  0.00000000e+00 
 8.96065625e-06  1.41527524e+00  0.00000000e+00  0.00000000e+00 
 8.97486458e-06  1.41527524e+00  0.00000000e+00  0.00000000e+00 
 9.00000000e-06  1.41527524e+00  0.00000000e+00  0.00000000e+00 
 9.00195813e-06  1.41470496e+00  2.93720188e-02  0.00000000e+00 
 9.00587440e-06  1.41344358e+00  8.81160565e-02  0.00000000e+00 
 9.01081117e-06  1.41167436e+00  1.62167502e-01  0.00000000e+00 
 9.01373892e-06  1.41051656e+00  2.06083853e-01  0.00000000e+00 
 9.01636023e-06  1.40940148e+00  2.45403470e-01  0.00000000e+00 
 9.02005376e-06  1.40768808e+00  3.00806337e-01  0.00000000e+00 
 9.02160730e-06  1.40691225e+00  3.24109544e-01  0.00000000e+00 
 9.02385466e-06  1.40572581e+00  3.57819890e-01  0.00000000e+00 
 9.02652964e-06  1.40420585e+00  3.97944644e-01  0.00000000e+00 
 9.02940051e-06  1.40242947e+00  4.41007581e-01  0.00000000e+00 
 9.03079397e-06  1.40150775e+00  4.61909583e-01  0.00000000e+00 
 9.03277229e-06  1.40012660e+00  4.91584409e-01  0.00000000e+00 
 9.03370662e-06  1.39944295e+00  5.05599368e-01  0.00000000e+00 
 9.03458722e-06  1.39877925e+00  5.18808242e-01  0.00000000e+00 
 9.03530248e-06  1.39542731e+00  5.29537270e-01  0.00000000e+00 
 9.03568746e-06  1.38821066e+00  5.35311832e-01  0.00000000e+00 
 9.03617241e-06  1.38043336e+00  5.42586180e-01  0.00000000e+00 
 9.03671544e-06  1.37265268e+00  5.50731560e-01  0.00000000e+00 
 9.03741060e-06  1.36288723e+00  5.61158958e-01  0.00000000e+00 
 9.03880092e-06  1.34424292e+00  5.82013754e-01  0.00000000e+00 
 9.04158156e-06  1.30896577e+00  6.23723347e-01  0.00000000e+00 
 9.04451512e-06  1.27000123e+00  6.67726778e-01  0.00000000e+00 
 9.04853951e-06  1.20466672e+00  7.28092616e-01  0.00000000e+00 
 9.05005569e-06  1.17460618e+00  7.50835296e-01  0.00000000e+00 
 9.05080485e-06  1.15898251e+00  7.62072700e-01  0.00000000e+00 
 9.05149437e-06  1.14376028e+00  7.72415504e-01  0.00000000e+00 
 9.05225429e-06  1.12629385e+00  7.83814321e-01  0.00000000e+00 
 9.05377413e-06  1.08981669e+00  8.06611954e-01  0.00000000e+00 
 9.05616865e-06  1.03033156e+00  8.42529780e-01  0.00000000e+00 
 9.06051031e-06  9.28270548e-01  9.07654702e-01  0.00000000e+00 
 9.06603747e-06  8.29841181e-01  9.90561999e-01  0.00000000e+00 
 9.06837754e-06  8.01163795e-01  1.02566308e+00  0.00000000e+00 
 9.06952581e-06  7.90034286e-01  1.04288712e+00  0.00000000e+00 
 9.07065598e-06  7.80857603e-01  1.05983967e+00  0.00000000e+00 
 9.07116577e-06  7.77188064e-01  1.06748661e+00  0.00000000e+00 
 9.07171328e-06  7.73198127e-01  1.07569920e+00  0.00000000e+00 
 9.07207964e-06  7.70151350e-01  1.08119460e+00  0.00000000e+00 
 9.07246371e-06  7.66325592e-01  1.08695561e+00  0.00000000e+00 
 9.07301764e-06  7.60152209e-01  1.09526466e+00  0.00000000e+00 
 9.07321187e-06  7.60166571e-01  1.09817805e+00  0.00000000e+00 
 9.07345338e-06  7.62774610e-01  1.10180066e+00  0.00000000e+00 
 9.07370531e-06  7.64769700e-01  1.10557961e+00  0.00000000e+00 
 9.07393282e-06  7.65079978e-01  1.10899224e+00  0.00000000e+00 
 9.07425165e-06  7.64361196e-01  1.11377468e+00  0.00000000e+00 
 9.07470324e-06  7.63008175e-01  1.12054863e+00  0.00000000e+00 
 9.07529423e-06  7.61794939e-01  1.12941345e+00  0.00000000e+00 
 9.07593940e-06  7.61023415e-01  1.13909100e+00  0.00000000e+00 
 9.07709370e-06  7.59920314e-01  1.15640552e+00  0.00000000e+00 
 9.07940230e-06  7.58106220e-01  1.19103457e+00  0.00000000e+00 
 9.08148373e-06  7.56812125e-01  1.22225602e+00  0.00000000e+00 
 9.08564659e-06  7.54669863e-01  1.28469891e+00  0.00000000e+00 
 9.09255665e-06  7.51661789e-01  1.38834976e+00  0.00000000e+00 
 9.10000000e-06  7.48822904e-01  1.50000000e+00  0.00000000e+00 
 9.10095095e-06  7.48572125e-01  1.50000000e+00  0.00000000e+00 
 9.10285286e-06  7.48152878e-01  1.50000000e+00  0.00000000e+00 
 9.10643871e-06  7.47347364e-01  1.50000000e+00  0.00000000e+00 
 9.11298046e-06  7.45895619e-01  1.50000000e+00  0.00000000e+00 
 9.12606397e-06  7.43079019e-01  1.50000000e+00  0.00000000e+00 
 9.15223097e-06  7.37855755e-01  1.50000000e+00  0.00000000e+00 
 9.19089635e-06  7.32143967e-01  1.50000000e+00  0.00000000e+00 
 9.20617746e-06  7.31148375e-01  1.50000000e+00  0.00000000e+00 
 9.21877112e-06  7.30851464e-01  1.50000000e+00  0.00000000e+00 
 9.22876125e-06  7.30775614e-01  1.50000000e+00  0.00000000e+00 
 9.23956594e-06  7.30744206e-01  1.50000000e+00  0.00000000e+00 
 9.25305569e-06  7.30727785e-01  1.50000000e+00  0.00000000e+00 
 9.26740672e-06  7.30719883e-01  1.50000000e+00  0.00000000e+00 
 9.27669104e-06  7.30716819e-01  1.50000000e+00  0.00000000e+00 
 9.28601339e-06  7.30714598e-01  1.50000000e+00  0.00000000e+00 
 9.29647340e-06  7.30712705e-01  1.50000000e+00  0.00000000e+00 
 9.30865522e-06  7.30711058e-01  1.50000000e+00  0.00000000e+00 
 9.32097301e-06  7.30709738e-01  1.50000000e+00  0.00000000e+00 
 9.33506456e-06  7.30708567e-01  1.50000000e+00  0.00000000e+00 
 9.34999366e-06  7.30707607e-01  1.50000000e+00  0.00000000e+00 
 9.36758247e-06  7.30706686e-01  1.50000000e+00  0.00000000e+00 
 9.38743541e-06  7.30705978e-01  1.50000000e+00  0.00000000e+00 
 9.41202532e-06  7.30705328e-01  1.50000000e+00  0.00000000e+00 
 9.44180829e-06  7.30704770e-01  1.50000000e+00  0.00000000e+00 
 9.48157078e-06  7.30704260e-01  1.50000000e+00  0.00000000e+00 
 9.53601030e-06  7.30703804e-01  1.50000000e+00  0.00000000e+00 
 9.62201052e-06  7.30703337e-01  1.50000000e+00  0.00000000e+00 
 9.78220161e-06  7.30702731e-01  1.50000000e+00  0.00000000e+00 
 1.01025838e-05  7.30701696e-01  1.50000000e+00  0.00000000e+00 
 1.07433481e-05  7.30699655e-01  1.50000000e+00  0.00000000e+00 
 1.11000000e-05  7.30698517e-01  1.50000000e+00  0.00000000e+00 
 1.11015455e-05  7.31039080e-01  1.47681708e+00  0.00000000e+00 
 1.11046366e-05  7.32288924e-01  1.43045124e+00  0.00000000e+00 
 1.11077520e-05  7.33920630e-01  1.38372037e+00  0.00000000e+00 
 1.11122063e-05  7.36676152e-01  1.31690554e+00  0.00000000e+00 
 1.11165544e-05  7.40018798e-01  1.25168398e+00  0.00000000e+00 
 1.11194363e-05  7.42890993e-01  1.20845510e+00  0.00000000e+00 
 1.11211923e-05  7.45141435e-01  1.18211484e+00  0.00000000e+00 
 1.11224372e-05  7.47133735e-01  1.16344269e+00  0.00000000e+00 
 1.11236361e-05  7.49530528e-01  1.14545889e+00  0.00000000e+00 
 1.11248641e-05  7.52669370e-01  1.12703897e+00  0.00000000e+00 
 1.11262330e-05  7.57274772e-01  1.10650557e+00  0.00000000e+00 
 1.11277472e-05  7.64141166e-01  1.08379145e+00  0.00000000e+00 
 1.11292696e-05  7.73363865e-01  1.06095607e+00  0.00000000e+00 
 1.11310599e-05  7.87535297e-01  1.03410125e+00  0.00000000e+00 
 1.11319978e-05  7.95513856e-01  1.02003344e+00  0.00000000e+00 
 1.11332841e-05  8.08763799e-01  1.00073833e+00  0.00000000e+00 
 1.11344683e-05  8.23934225e-01  9.82975918e-01  0.00000000e+00 
 1.11358631e-05  8.44643222e-01  9.62053113e-01  0.00000000e+00 
 1.11385308e-05  8.91968288e-01  9.22038249e-01  0.00000000e+00 
 1.11416496e-05  9.59818019e-01  8.75255397e-01  0.00000000e+00 
 1.11462269e-05  1.07576621e+00  8.06596982e-01  0.00000000e+00 
 1.11490036e-05  1.14530773e+00  7.64945270e-01  0.00000000e+00 
 1.11510111e-05  1.18985792e+00  7.34834027e-01  0.00000000e+00 
 1.11522191e-05  1.21336095e+00  7.16713531e-01  0.00000000e+00 
 1.11536477e-05  1.23841275e+00  6.95284148e-01  0.00000000e+00 
 1.11553968e-05  1.26568198e+00  6.69047420e-01  0.00000000e+00 
 1.11575278e-05  1.29521075e+00  6.37082741e-01  0.00000000e+00 
 1.11606740e-05  1.33546606e+00  5.89890535e-01  0.00000000e+00 
 1.11632401e-05  1.36976031e+00  5.51397916e-01  0.00000000e+00 
 1.11645510e-05  1.38857511e+00  5.31735457e-01  0.00000000e+00 
 1.11653918e-05  1.39818082e+00  5.19122682e-01  0.00000000e+00 
 1.11660734e-05  1.39933572e+00  5.08899483e-01  0.00000000e+00 
 1.11665089e-05  1.39955568e+00  5.02366766e-01  0.00000000e+00 
 1.11670007e-05  1.39988771e+00  4.94988814e-01  0.00000000e+00 
 1.11675099e-05  1.40025525e+00  4.87351941e-01  0.00000000e+00 
 1.11682010e-05  1.40074540e+00  4.76985086e-01  0.00000000e+00 
 1.11688526e-05  1.40119678e+00  4.67211117e-01  0.00000000e+00 
 1.11701558e-05  1.40207166e+00  4.47663181e-01  0.00000000e+00 
 1.11721384e-05  1.40333552e+00  4.17924372e-01  0.00000000e+00 
 1.11749288e-05  1.40498776e+00  3.76067983e-01  0.00000000e+00 
 1.11788383e-05  1.40708111e+00  3.17425771e-01  0.00000000e+00 
 1.11842948e-05  1.40963603e+00  2.35577311e-01  0.00000000e+00 
 1.11911199e-05  1.41234616e+00  1.33202179e-01  0.00000000e+00 
 1.12000000e-05  1.41525476e+00  7.99360578e-15  0.00000000e+00 
 1.12010063e-05  1.41527415e+00  0.00000000e+00  0.00000000e+00 
 1.12030190e-05  1.41527497e+00  0.00000000e+00  0.00000000e+00 
 1.12070443e-05  1.41527467e+00  0.00000000e+00  0.00000000e+00 
 1.12150949e-05  1.41527465e+00  0.00000000e+00  0.00000000e+00 
 1.12300464e-05  1.41527465e+00  0.00000000e+00  0.00000000e+00 
 1.12495352e-05  1.41527466e+00  0.00000000e+00  0.00000000e+00 
 1.12500000e-05  1.41527466e+00  0.00000000e+00  0.00000000e+00 
 1.12509297e-05  1.41527466e+00  0.00000000e+00  1.39452910e-02 
 1.12527891e-05  1.41527466e+00  0.00000000e+00  4.18358729e-02 
 1.12565078e-05  1.41527466e+00  0.00000000e+00  9.76170367e-02 
 1.12639453e-05  1.41527466e+00  0.00000000e+00  2.09179364e-01 
 1.12788203e-05  1.41527466e+00  0.00000000e+00  4.32304020e-01 
 1.12836248e-05  1.41527466e+00  0.00000000e+00  5.04372016e-01 
 1.12920327e-05  1.41527466e+00  0.00000000e+00  6.30491010e-01 
 1.12968596e-05  1.41527466e+00  0.00000000e+00  7.02893951e-01 
 1.12996439e-05  1.41527466e+00  0.00000000e+00  7.44657751e-01 
 1.13012748e-05  1.41528120e+00  0.00000000e+00  7.69121379e-01 
 1.13021172e-05  1.41526044e+00  0.00000000e+00  7.81757931e-01 
 1.13031316e-05  1.41527924e+00  0.00000000e+00  7.96973769e-01 
 1.13042500e-05  1.41527562e+00  0.00000000e+00  8.13749361e-01 
 1.13059571e-05  1.41527444e+00  0.00000000e+00  8.39356956e-01 
 1.13093715e-05  1.41527461e+00  0.00000000e+00  8.90572146e-01 
 1.13162002e-05  1.41527466e+00  0.00000000e+00  9.93002526e-01 
 1.13298576e-05  1.41527466e+00  0.00000000e+00  1.19786329e+00 
 1.13500000e-05  1.41527466e+00  0.00000000e+00  1.50000000e+00 
 1.13524805e-05  1.41527466e+00  0.00000000e+00  1.50000000e+00 
 1.13574416e-05  1.41527466e+00  0.00000000e+00  1.50000000e+00 
 1.13673638e-05  1.41527466e+00  0.00000000e+00  1.50000000e+00 
 1.13872082e-05  1.41527466e+00  0.00000000e+00  1.50000000e+00 
 1.14268969e-05  1.41527466e+00  0.00000000e+00  1.50000000e+00 
 1.15062743e-05  1.41527466e+00  0.00000000e+00  1.50000000e+00 
 1.15961110e-05  1.41527467e+00  0.00000000e+00  1.50000000e+00 
 1.17243575e-05  1.41527467e+00  0.00000000e+00  1.50000000e+00 
 1.18846957e-05  1.41527467e+00  0.00000000e+00  1.50000000e+00 
 1.21512410e-05  1.41527468e+00  0.00000000e+00  1.50000000e+00 
 1.26433850e-05  1.41527469e+00  0.00000000e+00  1.50000000e+00 
 1.33500000e-05  1.41527471e+00  0.00000000e+00  1.50000000e+00 
 1.33600000e-05  1.41527471e+00  0.00000000e+00  1.35000000e+00 
 1.33800000e-05  1.41527472e+00  0.00000000e+00  1.05000000e+00 
 1.33845833e-05  1.41527472e+00  0.00000000e+00  9.81250000e-01 
 1.33926042e-05  1.41527472e+00  0.00000000e+00  8.60937500e-01 
 1.34014844e-05  1.41527472e+00  0.00000000e+00  7.27734375e-01 
 1.34192448e-05  1.41527472e+00  0.00000000e+00  4.61328125e-01 
 1.34500000e-05  1.41527472e+00  0.00000000e+00  7.99360578e-15 
 1.34535521e-05  1.41527472e+00  0.00000000e+00  0.00000000e+00 
 1.34606563e-05  1.41527472e+00  0.00000000e+00  0.00000000e+00 
 1.34748646e-05  1.41527472e+00  0.00000000e+00  0.00000000e+00 
 1.35000000e-05  1.41527472e+00  0.00000000e+00  0.00000000e+00 
 1.35019581e-05  1.41470444e+00  2.93718754e-02  0.00000000e+00 
 1.35058744e-05  1.41344305e+00  8.81156262e-02  0.00000000e+00 
 1.35108114e-05  1.41167369e+00  1.62171741e-01  0.00000000e+00 
 1.35137397e-05  1.41051567e+00  2.06095886e-01  0.00000000e+00 
 1.35163622e-05  1.40940002e+00  2.45433418e-01  0.00000000e+00 
 1.35200543e-05  1.40768724e+00  3.00814125e-01  0.00000000e+00 
 1.35216087e-05  1.40691094e+00  3.24130319e-01  0.00000000e+00 
 1.35238563e-05  1.40572432e+00  3.57844205e-01  0.00000000e+00 
 1.35265345e-05  1.40420236e+00  3.98017251e-01  0.00000000e+00 
 1.35294068e-05  1.40242473e+00  4.41102591e-01  0.00000000e+00 
 1.35308001e-05  1.40150293e+00  4.62002128e-01  0.00000000e+00 
 1.35327719e-05  1.40012618e+00  4.91579203e-01  0.00000000e+00 
 1.35337055e-05  1.39944310e+00  5.05582678e-01  0.00000000e+00 
 1.35345844e-05  1.39878074e+00  5.18765645e-01  0.00000000e+00 
 1.35353035e-05  1.39541387e+00  5.29553134e-01  0.00000000e+00 
 1.35356888e-05  1.38818954e+00  5.35332692e-01  0.00000000e+00 
 1.35361745e-05  1.38040244e+00  5.42617013e-01  0.00000000e+00 
 1.35367190e-05  1.37259992e+00  5.50785682e-01  0.00000000e+00 
 1.35374150e-05  1.36282574e+00  5.61224402e-01  0.00000000e+00 
 1.35388068e-05  1.34416566e+00  5.82101842e-01  0.00000000e+00 
 1.35415904e-05  1.30885176e+00  6.23856723e-01  0.00000000e+00 
 1.35445277e-05  1.26982115e+00  6.67915353e-01  0.00000000e+00 
 1.35485391e-05  1.20467226e+00  7.28086536e-01  0.00000000e+00 
 1.35500938e-05  1.17381161e+00  7.51406580e-01  0.00000000e+00 
 1.35508704e-05  1.15755409e+00  7.63056681e-01  0.00000000e+00 
 1.35515941e-05  1.14150250e+00  7.73911690e-01  0.00000000e+00 
 1.35523867e-05  1.12318851e+00  7.85800506e-01  0.00000000e+00 
 1.35539719e-05  1.08495463e+00  8.09578137e-01  0.00000000e+00 
 1.35564195e-05  1.02409545e+00  8.46292825e-01  0.00000000e+00 
 1.35610109e-05  9.17668389e-01  9.15163061e-01  0.00000000e+00 
 1.35663736e-05  8.25228802e-01  9.95603967e-01  0.00000000e+00 
 1.35680834e-05  8.04312420e-01  1.02125099e+00  0.00000000e+00 
 1.35705216e-05  7.81833756e-01  1.05782415e+00  0.00000000e+00 
 1.35714938e-05  7.74853260e-01  1.07240744e+00  0.00000000e+00 
 1.35720608e-05  7.70338562e-01  1.08091132e+00  0.00000000e+00 
 1.35724997e-05  7.66054480e-01  1.08749600e+00  0.00000000e+00 
 1.35731254e-05  7.60000208e-01  1.09688070e+00  0.00000000e+00 
 1.35733204e-05  7.60899643e-01  1.09980653e+00  0.00000000e+00 
 1.35736582e-05  7.63936292e-01  1.10487322e+00  0.00000000e+00 
 1.35738942e-05  7.64805790e-01  1.10841282e+00  0.00000000e+00 
 1.35741923e-05  7.64478707e-01  1.11288438e+00  0.00000000e+00 
 1.35745530e-05  7.63419798e-01  1.11829426e+00  0.00000000e+00 
 1.35751142e-05  7.62043862e-01  1.12671228e+00  0.00000000e+00 
 1.35757404e-05  7.61143585e-01  1.13610673e+00  0.00000000e+00 
 1.35766245e-05  7.60261094e-01  1.14936715e+00  0.00000000e+00 
 1.35783925e-05  7.58745775e-01  1.17588800e+00  0.00000000e+00 
 1.35802238e-05  7.57475007e-01  1.20335752e+00  0.00000000e+00 
 1.35838864e-05  7.55440749e-01  1.25829658e+00  0.00000000e+00 
 1.35902176e-05  7.52541991e-01  1.35326453e+00  0.00000000e+00 
 1.35979774e-05  7.49476659e-01  1.46966169e+00  0.00000000e+00 
 1.36000000e-05  7.48736753e-01  1.50000000e+00  0.00000000e+00 
 1.36003078e-05  7.48625408e-01  1.50000000e+00  0.00000000e+00 
 1.36009235e-05  7.48489736e-01  1.50000000e+00  0.00000000e+00 
 1.36021549e-05  7.48229204e-01  1.50000000e+00  0.00000000e+00 
 1.36046177e-05  7.47669858e-01  1.50000000e+00  0.00000000e+00 
 1.36093037e-05  7.46621989e-01  1.50000000e+00  0.00000000e+00 
 1.36186757e-05  7.44572918e-01  1.50000000e+00  0.00000000e+00 
 1.36374196e-05  7.40656364e-01  1.50000000e+00  0.00000000e+00 
 1.36749076e-05  7.34002959e-01  1.50000000e+00  0.00000000e+00 
 1.36921026e-05  7.31984511e-01  1.50000000e+00  0.00000000e+00 
 1.37086762e-05  7.31039150e-01  1.50000000e+00  0.00000000e+00 
 1.37194617e-05  7.30832590e-01  1.50000000e+00  0.00000000e+00 
 1.37297362e-05  7.30763651e-01  1.50000000e+00  0.00000000e+00 
 1.37409797e-05  7.30734887e-01  1.50000000e+00  0.00000000e+00 
 1.37542547e-05  7.30720576e-01  1.50000000e+00  0.00000000e+00 
 1.37701057e-05  7.30712735e-01  1.50000000e+00  0.00000000e+00 
 1.37808917e-05  7.30709615e-01  1.50000000e+00  0.00000000e+00 
 1.37911804e-05  7.30707443e-01  1.50000000e+00  0.00000000e+00 
 1.38023386e-05  7.30705791e-01  1.50000000e+00  0.00000000e+00 
 1.38145404e-05  7.30704333e-01  1.50000000e+00  0.00000000e+00 
 1.38274252e-05  7.30703132e-01  1.50000000e+00  0.00000000e+00 
 1.38419676e-05  7.30702077e-01  1.50000000e+00  0.00000000e+00 
 1.38580197e-05  7.30701119e-01  1.50000000e+00  0.00000000e+00 
 1.38768144e-05  7.30700347e-01  1.50000000e+00  0.00000000e+00 
 1.38988678e-05  7.30699674e-01  1.50000000e+00  0.00000000e+00 
 1.39259741e-05  7.30699073e-01  1.50000000e+00  0.00000000e+00 
 1.39602738e-05  7.30698545e-01  1.50000000e+00  0.00000000e+00 
 1.40066908e-05  7.30698069e-01  1.50000000e+00  0.00000000e+00 
 1.40744424e-05  7.30697623e-01  1.50000000e+00  0.00000000e+00 
 1.41893461e-05  7.30697127e-01  1.50000000e+00  0.00000000e+00 
 1.44191533e-05  7.30696368e-01  1.50000000e+00  0.00000000e+00 
 1.48787678e-05  7.30694950e-01  1.50000000e+00  0.00000000e+00 
 1.56000000e-05  7.30692718e-01  1.50000000e+00  0.00000000e+00 
 1.56030826e-05  7.31673595e-01  1.45376117e+00  0.00000000e+00 
 1.56092478e-05  7.34771840e-01  1.36128351e+00  0.00000000e+00 
 1.56115427e-05  7.36218572e-01  1.32685969e+00  0.00000000e+00 
 1.56148674e-05  7.38607279e-01  1.27698966e+00  0.00000000e+00 
 1.56177750e-05  7.41129017e-01  1.23337535e+00  0.00000000e+00 
 1.56199664e-05  7.43501531e-01  1.20050457e+00  0.00000000e+00 
 1.56215230e-05  7.45619930e-01  1.17715452e+00  0.00000000e+00 
 1.56227686e-05  7.47734723e-01  1.15847098e+00  0.00000000e+00 
 1.56239396e-05  7.50227196e-01  1.14090628e+00  0.00000000e+00 
 1.56251821e-05  7.53617314e-01  1.12226830e+00  0.00000000e+00 
 1.56265855e-05  7.58685116e-01  1.10121710e+00  0.00000000e+00 
 1.56280878e-05  7.65981339e-01  1.07868253e+00  0.00000000e+00 
 1.56296589e-05  7.76140093e-01  1.05511708e+00  0.00000000e+00 
 1.56313246e-05  7.89790047e-01  1.03013090e+00  0.00000000e+00 
 1.56323563e-05  7.98907638e-01  1.01465507e+00  0.00000000e+00 
 1.56335764e-05  8.12299408e-01  9.96353832e-01  0.00000000e+00 
 1.56350213e-05  8.31789582e-01  9.74680533e-01  0.00000000e+00 
 1.56365321e-05  8.55530790e-01  9.52018307e-01  0.00000000e+00 
 1.56395537e-05  9.12794811e-01  9.06693854e-01  0.00000000e+00 
 1.56429052e-05  9.90362717e-01  8.56421346e-01  0.00000000e+00 
 1.56475810e-05  1.11038379e+00  7.86284675e-01  0.00000000e+00 
 1.56499874e-05  1.16781968e+00  7.50188737e-01  0.00000000e+00 
 1.56518864e-05  1.20717847e+00  7.21704307e-01  0.00000000e+00 
 1.56530365e-05  1.22806642e+00  7.04452196e-01  0.00000000e+00 
 1.56544019e-05  1.25058692e+00  6.83970856e-01  0.00000000e+00 
 1.56561296e-05  1.27620384e+00  6.58055638e-01  0.00000000e+00 
 1.56582089e-05  1.30408450e+00  6.26866835e-01  0.00000000e+00 
 1.56612976e-05  1.34349255e+00  5.80535834e-01  0.00000000e+00 
 1.56629217e-05  1.36525505e+00  5.56174969e-01  0.00000000e+00 
 1.56639784e-05  1.38027374e+00  5.40324552e-01  0.00000000e+00 
 1.56647227e-05  1.39096343e+00  5.29159070e-01  0.00000000e+00 
 1.56652752e-05  1.39755882e+00  5.20872696e-01  0.00000000e+00 
 1.56658231e-05  1.39910978e+00  5.12653973e-01  0.00000000e+00 
 1.56663564e-05  1.39945993e+00  5.04653798e-01  0.00000000e+00 
 1.56667846e-05  1.39973454e+00  4.98231293e-01  0.00000000e+00 
 1.56672454e-05  1.40006444e+00  4.91319014e-01  0.00000000e+00 
 1.56677335e-05  1.40041486e+00  4.83998214e-01  0.00000000e+00 
 1.56683578e-05  1.40085434e+00  4.74632476e-01  0.00000000e+00 
 1.56692452e-05  1.40146355e+00  4.61321678e-01  0.00000000e+00 
 1.56709005e-05  1.40255503e+00  4.36492247e-01  0.00000000e+00 
 1.56730686e-05  1.40390154e+00  4.03970432e-01  0.00000000e+00 
 1.56762361e-05  1.40571432e+00  3.56459236e-01  0.00000000e+00 
 1.56807298e-05  1.40801085e+00  2.89053625e-01  0.00000000e+00 
 1.56867071e-05  1.41064878e+00  1.99393649e-01  0.00000000e+00 
 1.56943149e-05  1.41346284e+00  8.52761682e-02  0.00000000e+00 
 1.57000000e-05  1.41525423e+00  7.99360578e-15  0.00000000e+00 
 1.57010086e-05  1.41527365e+00  0.00000000e+00  0.00000000e+00 
 1.57030257e-05  1.41527447e+00  0.00000000e+00  0.00000000e+00 
 1.57065826e-05  1.41527416e+00  0.00000000e+00  0.00000000e+00 
 1.57136965e-05  1.41527415e+00  0.00000000e+00  0.00000000e+00 
 1.57279243e-05  1.41527415e+00  0.00000000e+00  0.00000000e+00 
 1.57460316e-05  1.41527415e+00  0.00000000e+00  0.00000000e+00 
 1.57500000e-05  1.41527415e+00  0.00000000e+00  0.00000000e+00 
 1.57531399e-05  1.41527415e+00  0.00000000e+00  4.70979490e-02 
 1.57594196e-05  1.41527415e+00  0.00000000e+00  1.41293847e-01 
 1.57719790e-05  1.41527415e+00  0.00000000e+00  3.29685643e-01 
 1.57780663e-05  1.41527415e+00  0.00000000e+00  4.20994585e-01 
 1.57887190e-05  1.41527415e+00  0.00000000e+00  5.80785233e-01 
 1.57948338e-05  1.41527415e+00  0.00000000e+00  6.72507150e-01 
 1.57986336e-05  1.41527415e+00  0.00000000e+00  7.29504731e-01 
 1.58013441e-05  1.41527610e+00  0.00000000e+00  7.70161783e-01 
 1.58028563e-05  1.41527010e+00  0.00000000e+00  7.92844116e-01 
 1.58046159e-05  1.41527577e+00  0.00000000e+00  8.19238405e-01 
 1.58065936e-05  1.41527424e+00  0.00000000e+00  8.48903412e-01 
 1.58105489e-05  1.41527409e+00  0.00000000e+00  9.08233426e-01 
 1.58184596e-05  1.41527415e+00  0.00000000e+00  1.02689345e+00 
 1.58342809e-05  1.41527415e+00  0.00000000e+00  1.26421351e+00 
 1.58500000e-05  1.41527416e+00  0.00000000e+00  1.50000000e+00 
 1.58525134e-05  1.41527416e+00  0.00000000e+00  1.50000000e+00 
 1.58575403e-05  1.41527416e+00  0.00000000e+00  1.50000000e+00 
 1.58675939e-05  1.41527416e+00  0.00000000e+00  1.50000000e+00 
 1.58877013e-05  1.41527416e+00  0.00000000e+00  1.50000000e+00 
 1.59279160e-05  1.41527416e+00  0.00000000e+00  1.50000000e+00 
 1.60083454e-05  1.41527416e+00  0.00000000e+00  1.50000000e+00 
 1.60929554e-05  1.41527417e+00  0.00000000e+00  1.50000000e+00 
 1.62184122e-05  1.41527417e+00  0.00000000e+00  1.50000000e+00 
 1.63679321e-05  1.41527418e+00  0.00000000e+00  1.50000000e+00 
 1.66218175e-05  1.41527419e+00  0.00000000e+00  1.50000000e+00 
 1.70619364e-05  1.41527420e+00  0.00000000e+00  1.50000000e+00 
 1.78500000e-05  1.41527423e+00  0.00000000e+00  1.50000000e+00 
 1.78600000e-05  1.41527423e+00  0.00000000e+00  1.35000000e+00 
 1.78800000e-05  1.41527423e+00  0.00000000e+00  1.05000000e+00 
 1.78845833e-05  1.41527423e+00  0.00000000e+00  9.81250000e-01 
 1.78926042e-05  1.41527423e+00  0.00000000e+00  8.60937500e-01 
 1.79014844e-05  1.41527423e+00  0.00000000e+00  7.27734375e-01 
 1.79192448e-05  1.41527423e+00  0.00000000e+00  4.61328125e-01 
 1.79500000e-05  1.41527423e+00  0.00000000e+00  7.99360578e-15 
 1.79535521e-05  1.41527423e+00  0.00000000e+00  0.00000000e+00 
 1.79606562e-05  1.41527423e+00  0.00000000e+00  0.00000000e+00 
 1.79748646e-05  1.41527423e+00  0.00000000e+00  0.00000000e+00 
 1.80000000e-05  1.41527423e+00  0.00000000e+00  0.00000000e+00 
 1.80019581e-05  1.41470395e+00  2.93718928e-02  0.00000000e+00 
 1.80058744e-05  1.41344255e+00  8.81156784e-02  0.00000000e+00 
 1.80108114e-05  1.41167321e+00  1.62170542e-01  0.00000000e+00 
 1.80137394e-05  1.41051528e+00  2.06091002e-01  0.00000000e+00 
 1.80163613e-05  1.40939988e+00  2.45420038e-01  0.00000000e+00 
 1.80200541e-05  1.40768679e+00  3.00811053e-01  0.00000000e+00 
 1.80216081e-05  1.40691071e+00  3.24120991e-01  0.00000000e+00 
 1.80238555e-05  1.40572416e+00  3.57833017e-01  0.00000000e+00 
 1.80265322e-05  1.40420313e+00  3.97983157e-01  0.00000000e+00 
 1.80294038e-05  1.40242608e+00  4.41057669e-01  0.00000000e+00 
 1.80307972e-05  1.40150430e+00  4.61958278e-01  0.00000000e+00 
 1.80327721e-05  1.40012543e+00  4.91581932e-01  0.00000000e+00 
 1.80337061e-05  1.39944207e+00  5.05590894e-01  0.00000000e+00 
 1.80345857e-05  1.39877906e+00  5.18786229e-01  0.00000000e+00 
 1.80353030e-05  1.39541958e+00  5.29545279e-01  0.00000000e+00 
 1.80356882e-05  1.38819911e+00  5.35322307e-01  0.00000000e+00 
 1.80361734e-05  1.38041673e+00  5.42601734e-01  0.00000000e+00 
 1.80367173e-05  1.37262471e+00  5.50759127e-01  0.00000000e+00 
 1.80374128e-05  1.36285496e+00  5.61192056e-01  0.00000000e+00 
 1.80388039e-05  1.34420285e+00  5.82057915e-01  0.00000000e+00 
 1.80415860e-05  1.30890739e+00  6.23789632e-01  0.00000000e+00 
 1.80445214e-05  1.26990880e+00  6.67821187e-01  0.00000000e+00 
 1.80485393e-05  1.20466566e+00  7.28089845e-01  0.00000000e+00 
 1.80501353e-05  1.17294547e+00  7.52030018e-01  0.00000000e+00 
 1.80509414e-05  1.15600267e+00  7.64121296e-01  0.00000000e+00 
 1.80517006e-05  1.13907936e+00  7.75509115e-01  0.00000000e+00 
 1.80525275e-05  1.11986892e+00  7.87912191e-01  0.00000000e+00 
 1.80541812e-05  1.07978745e+00  8.12718341e-01  0.00000000e+00 
 1.80567048e-05  1.01702900e+00  8.50572136e-01  0.00000000e+00 
 1.80615886e-05  9.05823043e-01  9.23829025e-01  0.00000000e+00 
 1.80667999e-05  8.19626385e-01  1.00199794e+00  0.00000000e+00 
 1.80684644e-05  8.00251184e-01  1.02696587e+00  0.00000000e+00 
 1.80700844e-05  7.85268001e-01  1.05126525e+00  0.00000000e+00 
 1.80707856e-05  7.79883648e-01  1.06178472e+00  0.00000000e+00 
 1.80714154e-05  7.75410637e-01  1.07123083e+00  0.00000000e+00 
 1.80718019e-05  7.72529724e-01  1.07702808e+00  0.00000000e+00 
 1.80721990e-05  7.69100927e-01  1.08298555e+00  0.00000000e+00 
 1.80726056e-05  7.64812569e-01  1.08908366e+00  0.00000000e+00 
 1.80731166e-05  7.59654069e-01  1.09674913e+00  0.00000000e+00 
 1.80732925e-05  7.60476542e-01  1.09938706e+00  0.00000000e+00 
 1.80735960e-05  7.63711721e-01  1.10393935e+00  0.00000000e+00 
 1.80738143e-05  7.64876077e-01  1.10721491e+00  0.00000000e+00 
 1.80740843e-05  7.64788156e-01  1.11126499e+00  0.00000000e+00 
 1.80744072e-05  7.63855373e-01  1.11610863e+00  0.00000000e+00 
 1.80749493e-05  7.62372743e-01  1.12423934e+00  0.00000000e+00 
 1.80755389e-05  7.61399289e-01  1.13308284e+00  0.00000000e+00 
 1.80763060e-05  7.60593053e-01  1.14459055e+00  0.00000000e+00 
 1.80778404e-05  7.59211648e-01  1.16760598e+00  0.00000000e+00 
 1.80795774e-05  7.57918090e-01  1.19366109e+00  0.00000000e+00 
 1.80828716e-05  7.55988191e-01  1.24307454e+00  0.00000000e+00 
 1.80888600e-05  7.53149850e-01  1.33290038e+00  0.00000000e+00 
 1.80958863e-05  7.50288790e-01  1.43829415e+00  0.00000000e+00 
 1.81000000e-05  7.48760914e-01  1.50000000e+00  0.00000000e+00 
 1.81005465e-05  7.48597781e-01  1.50000000e+00  0.00000000e+00 
 1.81016395e-05  7.48361489e-01  1.50000000e+00  0.00000000e+00 
 1.81038256e-05  7.47874338e-01  1.50000000e+00  0.00000000e+00 
 1.81080658e-05  7.46921106e-01  1.50000000e+00  0.00000000e+00 
 1.81165461e-05  7.45056497e-01  1.50000000e+00  0.00000000e+00 
 1.81335068e-05  7.41472975e-01  1.50000000e+00  0.00000000e+00 
 1.81674282e-05  7.35155566e-01  1.50000000e+00  0.00000000e+00 
 1.81896501e-05  7.32218150e-01  1.50000000e+00  0.00000000e+00 
 1.82044854e-05  7.31189308e-01  1.50000000e+00  0.00000000e+00 
 1.82164751e-05  7.30866115e-01  1.50000000e+00  0.00000000e+00 
 1.82266602e-05  7.30772661e-01  1.50000000e+00  0.00000000e+00 
 1.82373090e-05  7.30736396e-01  1.50000000e+00  0.00000000e+00 
 1.82508372e-05  7.30717748e-01  1.50000000e+00  0.00000000e+00 
 1.82641002e-05  7.30709611e-01  1.50000000e+00  0.00000000e+00 
 1.82726850e-05  7.30706415e-01  1.50000000e+00  0.00000000e+00 
 1.82820362e-05  7.30703917e-01  1.50000000e+00  0.00000000e+00 
 1.82924512e-05  7.30701825e-01  1.50000000e+00  0.00000000e+00 
 1.83046323e-05  7.30700023e-01  1.50000000e+00  0.00000000e+00 
 1.83166949e-05  7.30698617e-01  1.50000000e+00  0.00000000e+00 
 1.83304533e-05  7.30697379e-01  1.50000000e+00  0.00000000e+00 
 1.83448300e-05  7.30696379e-01  1.50000000e+00  0.00000000e+00 
 1.83617337e-05  7.30695476e-01  1.50000000e+00  0.00000000e+00 
 1.83806262e-05  7.30694674e-01  1.50000000e+00  0.00000000e+00 
 1.84038007e-05  7.30694004e-01  1.50000000e+00  0.00000000e+00 
 1.84317299e-05  7.30693433e-01  1.50000000e+00  0.00000000e+00 
 1.84683029e-05  7.30692917e-01  1.50000000e+00  0.00000000e+00 
 1.85174788e-05  7.30692463e-01  1.50000000e+00  0.00000000e+00 
 1.85921359e-05  7.30692024e-01  1.50000000e+00  0.00000000e+00 
 1.87219359e-05  7.30691517e-01  1.50000000e+00  0.00000000e+00 
 1.89815358e-05  7.30690709e-01  1.50000000e+00  0.00000000e+00 
 1.95007357e-05  7.30689153e-01  1.50000000e+00  0.00000000e+00 
 2.01000000e-05  7.30687352e-01  1.50000000e+00  0.00000000e+00 
 2.01025631e-05  7.31440895e-01  1.46155291e+00  0.00000000e+00 
 2.01076894e-05  7.33869210e-01  1.38465872e+00  0.00000000e+00 
 2.01100136e-05  7.35240630e-01  1.34979600e+00  0.00000000e+00 
 2.01135647e-05  7.37620201e-01  1.29652985e+00  0.00000000e+00 
 2.01168862e-05  7.40296746e-01  1.24670742e+00  0.00000000e+00 
 2.01193764e-05  7.42803050e-01  1.20935335e+00  0.00000000e+00 
 2.01210699e-05  7.44948376e-01  1.18395122e+00  0.00000000e+00 
 2.01223579e-05  7.46979542e-01  1.16463215e+00  0.00000000e+00 
 2.01235525e-05  7.49332573e-01  1.14671238e+00  0.00000000e+00 
 2.01247377e-05  7.52295701e-01  1.12893462e+00  0.00000000e+00 
 2.01260364e-05  7.56515769e-01  1.10945399e+00  0.00000000e+00 
 2.01275448e-05  7.63087051e-01  1.08682762e+00  0.00000000e+00 
 2.01290104e-05  7.71598960e-01  1.06484363e+00  0.00000000e+00 
 2.01307569e-05  7.84934119e-01  1.03864724e+00  0.00000000e+00 
 2.01316814e-05  7.92729145e-01  1.02477949e+00  0.00000000e+00 
 2.01331042e-05  8.06649423e-01  1.00343676e+00  0.00000000e+00 
 2.01342321e-05  8.20679942e-01  9.86518714e-01  0.00000000e+00 
 2.01355087e-05  8.39107936e-01  9.67369444e-01  0.00000000e+00 
 2.01377520e-05  8.77085874e-01  9.33720375e-01  0.00000000e+00 
 2.01407273e-05  9.38440007e-01  8.89090463e-01  0.00000000e+00 
 2.01448600e-05  1.04025236e+00  8.27100435e-01  0.00000000e+00 
 2.01472234e-05  1.10160219e+00  7.91649561e-01  0.00000000e+00 
 2.01495130e-05  1.15725438e+00  7.57304748e-01  0.00000000e+00 
 2.01510447e-05  1.19058515e+00  7.34329609e-01  0.00000000e+00 
 2.01520631e-05  1.21045635e+00  7.19053388e-01  0.00000000e+00 
 2.01532225e-05  1.23123042e+00  7.01662272e-01  0.00000000e+00 
 2.01547189e-05  1.25549646e+00  6.79216155e-01  0.00000000e+00 
 2.01565119e-05  1.28153026e+00  6.52321038e-01  0.00000000e+00 
 2.01591212e-05  1.31575372e+00  6.13182222e-01  0.00000000e+00 
 2.01628405e-05  1.36419239e+00  5.57392371e-01  0.00000000e+00 
 2.01642462e-05  1.38419209e+00  5.36307544e-01  0.00000000e+00 
 2.01651713e-05  1.39668677e+00  5.22430615e-01  0.00000000e+00 
 2.01658043e-05  1.39903887e+00  5.12935187e-01  0.00000000e+00 
 2.01664688e-05  1.39955447e+00  5.02967394e-01  0.00000000e+00 
 2.01669303e-05  1.39984307e+00  4.96044829e-01  0.00000000e+00 
 2.01674398e-05  1.40020372e+00  4.88402440e-01  0.00000000e+00 
 2.01679751e-05  1.40058518e+00  4.80373911e-01  0.00000000e+00 
 2.01686527e-05  1.40105806e+00  4.70210231e-01  0.00000000e+00 
 2.01697363e-05  1.40179279e+00  4.53955161e-01  0.00000000e+00 
 2.01716500e-05  1.40303028e+00  4.25249255e-01  0.00000000e+00 
 2.01741140e-05  1.40451866e+00  3.88289853e-01  0.00000000e+00 
 2.01777567e-05  1.40652480e+00  3.33649028e-01  0.00000000e+00 
 2.01828016e-05  1.40897387e+00  2.57976729e-01  0.00000000e+00 
 2.01892887e-05  1.41166406e+00  1.60669267e-01  0.00000000e+00 
 2.01981190e-05  1.41468665e+00  2.82150283e-02  0.00000000e+00 
 2.02000000e-05  1.41525368e+00  7.99360578e-15  0.00000000e+00 
 2.02004495e-05  1.41527259e+00  0.00000000e+00  0.00000000e+00 
 2.02013485e-05  1.41527432e+00  0.00000000e+00  0.00000000e+00 
 2.02031466e-05  1.41527374e+00  0.00000000e+00  0.00000000e+00 
 2.02067427e-05  1.41527368e+00  0.00000000e+00  0.00000000e+00 
 2.02139349e-05  1.41527369e+00  0.00000000e+00  0.00000000e+00 
 2.02282722e-05  1.41527369e+00  0.00000000e+00  0.00000000e+00 
 2.02466152e-05  1.41527369e+00  0.00000000e+00  0.00000000e+00 
 2.02500000e-05  1.41527369e+00  0.00000000e+00  0.00000000e+00 
 2.02531853e-05  1.41527369e+00  0.00000000e+00  4.77791638e-02 
 2.02595558e-05  1.41527369e+00  0.00000000e+00  1.43337491e-01 
 2.02722969e-05  1.41527369e+00  0.00000000e+00  3.34454147e-01 
 2.02783246e-05  1.41527369e+00  0.00000000e+00  4.24868994e-01 
 2.02888730e-05  1.41527369e+00  0.00000000e+00  5.83094977e-01 
 2.02958050e-05  1.41527369e+00  0.00000000e+00  6.87075466e-01 
 2.03006557e-05  1.41527439e+00  0.00000000e+00  7.59835023e-01 
 2.03032219e-05  1.41527215e+00  0.00000000e+00  7.98328240e-01 
 2.03061966e-05  1.41527438e+00  0.00000000e+00  8.42949564e-01 
 2.03093348e-05  1.41527368e+00  0.00000000e+00  8.90021863e-01 
 2.03156111e-05  1.41527367e+00  0.00000000e+00  9.84166461e-01 
 2.03281637e-05  1.41527369e+00  0.00000000e+00  1.17245566e+00 
 2.03500000e-05  1.41527369e+00  0.00000000e+00  1.50000000e+00 
 2.03525105e-05  1.41527369e+00  0.00000000e+00  1.50000000e+00 
 2.03575316e-05  1.41527369e+00  0.00000000e+00  1.50000000e+00 
 2.03675737e-05  1.41527369e+00  0.00000000e+00  1.50000000e+00 
 2.03876578e-05  1.41527369e+00  0.00000000e+00  1.50000000e+00 
 2.04278262e-05  1.41527369e+00  0.00000000e+00  1.50000000e+00 
 2.05081629e-05  1.41527370e+00  0.00000000e+00  1.50000000e+00 
 2.05999056e-05  1.41527370e+00  0.00000000e+00  1.50000000e+00 
 2.07298256e-05  1.41527371e+00  0.00000000e+00  1.50000000e+00 
 2.08927686e-05  1.41527372e+00  0.00000000e+00  1.50000000e+00 
 2.11609439e-05  1.41527373e+00  0.00000000e+00  1.50000000e+00 
 2.16530384e-05  1.41527375e+00  0.00000000e+00  1.50000000e+00 
 2.23500000e-05  1.41527378e+00  0.00000000e+00  1.50000000e+00 
 2.23600000e-05  1.41527378e+00  0.00000000e+00  1.35000000e+00 
 2.23800000e-05  1.41527378e+00  0.00000000e+00  1.05000000e+00 
 2.23845833e-05  1.41527378e+00  0.00000000e+00  9.81250000e-01 
 2.23926042e-05  1.41527378e+00  0.00000000e+00  8.60937500e-01 
 2.24014844e-05  1.41527378e+00  0.00000000e+00  7.27734375e-01 
 2.24192448e-05  1.41527378e+00  0.00000000e+00  4.61328125e-01 
 2.24500000e-05  1.41527378e+00  0.00000000e+00  7.99360578e-15 
 2.24535521e-05  1.41527378e+00  0.00000000e+00  0.00000000e+00 
 2.24606562e-05  1.41527378e+00  0.00000000e+00  0.00000000e+00 
 2.24748646e-05  1.41527378e+00  0.00000000e+00  0.00000000e+00 
 2.25000000e-05  1.41527379e+00  0.00000000e+00  0.00000000e+00 
 2.25019581e-05  1.41470350e+00  2.93717385e-02  0.00000000e+00 
 2.25058743e-05  1.41344210e+00  8.81152154e-02  0.00000000e+00 
 2.25108116e-05  1.41167263e+00  1.62174578e-01  0.00000000e+00 
 2.25137401e-05  1.41051451e+00  2.06101316e-01  0.00000000e+00 
 2.25163630e-05  1.40939866e+00  2.45444775e-01  0.00000000e+00 
 2.25200545e-05  1.40768606e+00  3.00817804e-01  0.00000000e+00 
 2.25216092e-05  1.40690961e+00  3.24138134e-01  0.00000000e+00 
 2.25238569e-05  1.40572292e+00  3.57852880e-01  0.00000000e+00 
 2.25265361e-05  1.40420027e+00  3.98041922e-01  0.00000000e+00 
 2.25294090e-05  1.40242221e+00  4.41134338e-01  0.00000000e+00 
 2.25308022e-05  1.40150037e+00  4.62033070e-01  0.00000000e+00 
 2.25327718e-05  1.40012509e+00  4.91577171e-01  0.00000000e+00 
 2.25337051e-05  1.39944219e+00  5.05576678e-01  0.00000000e+00 
 2.25345834e-05  1.39878028e+00  5.18750890e-01  0.00000000e+00 
 2.25353039e-05  1.39540788e+00  5.29558981e-01  0.00000000e+00 
 2.25356894e-05  1.38818065e+00  5.35340476e-01  0.00000000e+00 
 2.25361752e-05  1.38039003e+00  5.42628379e-01  0.00000000e+00 
 2.25367203e-05  1.37257986e+00  5.50805152e-01  0.00000000e+00 
 2.25374166e-05  1.36280207e+00  5.61248375e-01  0.00000000e+00 
 2.25388090e-05  1.34413544e+00  5.82134820e-01  0.00000000e+00 
 2.25415938e-05  1.30880653e+00  6.23907710e-01  0.00000000e+00 
 2.25445324e-05  1.26975146e+00  6.67986006e-01  0.00000000e+00 
 2.25485389e-05  1.20467173e+00  7.28083679e-01  0.00000000e+00 
 2.25501702e-05  1.17221555e+00  7.52552925e-01  0.00000000e+00 
 2.25510019e-05  1.15467500e+00  7.65028798e-01  0.00000000e+00 
 2.25517936e-05  1.13695283e+00  7.76904292e-01  0.00000000e+00 
 2.25526513e-05  1.11693390e+00  7.89769806e-01  0.00000000e+00 
 2.25543667e-05  1.07519394e+00  8.15500835e-01  0.00000000e+00 
 2.25569491e-05  1.01100202e+00  8.54236556e-01  0.00000000e+00 
 2.25620962e-05  8.95773074e-01  9.31443407e-01  0.00000000e+00 
 2.25671981e-05  8.14633390e-01  1.00797210e+00  0.00000000e+00 
 2.25688740e-05  7.96112654e-01  1.03311025e+00  0.00000000e+00 
 2.25699948e-05  7.86003860e-01  1.04992253e+00  0.00000000e+00 
 2.25707235e-05  7.80336034e-01  1.06085178e+00  0.00000000e+00 
 2.25713271e-05  7.76035228e-01  1.06990599e+00  0.00000000e+00 
 2.25717404e-05  7.73016017e-01  1.07610665e+00  0.00000000e+00 
 2.25721336e-05  7.69730110e-01  1.08200414e+00  0.00000000e+00 
 2.25725250e-05  7.65761778e-01  1.08787457e+00  0.00000000e+00 
 2.25730589e-05  7.59845687e-01  1.09588363e+00  0.00000000e+00 
 2.25732422e-05  7.60016522e-01  1.09863263e+00  0.00000000e+00 
 2.25734924e-05  7.62797486e-01  1.10238589e+00  0.00000000e+00 
 2.25737152e-05  7.64598139e-01  1.10572755e+00  0.00000000e+00 
 2.25739539e-05  7.64957096e-01  1.10930833e+00  0.00000000e+00 
 2.25742530e-05  7.64288386e-01  1.11379546e+00  0.00000000e+00 
 2.25747312e-05  7.62870012e-01  1.12096805e+00  0.00000000e+00 
 2.25753351e-05  7.61646576e-01  1.13002697e+00  0.00000000e+00 
 2.25759795e-05  7.60885717e-01  1.13969271e+00  0.00000000e+00 
 2.25771436e-05  7.59781842e-01  1.15715369e+00  0.00000000e+00 
 2.25792332e-05  7.58126911e-01  1.18849768e+00  0.00000000e+00 
 2.25813858e-05  7.56772752e-01  1.22078690e+00  0.00000000e+00 
 2.25856910e-05  7.54554507e-01  1.28536534e+00  0.00000000e+00 
 2.25925174e-05  7.51584108e-01  1.38776039e+00  0.00000000e+00 
 2.26000000e-05  7.48730416e-01  1.50000000e+00  0.00000000e+00 
 2.26009368e-05  7.48482917e-01  1.50000000e+00  0.00000000e+00 
 2.26028104e-05  7.48070480e-01  1.50000000e+00  0.00000000e+00 
 2.26064281e-05  7.47258596e-01  1.50000000e+00  0.00000000e+00 
 2.26128500e-05  7.45834426e-01  1.50000000e+00  0.00000000e+00 
 2.26256937e-05  7.43070146e-01  1.50000000e+00  0.00000000e+00 
 2.26513812e-05  7.37935190e-01  1.50000000e+00  0.00000000e+00 
 2.26903425e-05  7.32147861e-01  1.50000000e+00  0.00000000e+00 
 2.27055466e-05  7.31143154e-01  1.50000000e+00  0.00000000e+00 
 2.27180121e-05  7.30840159e-01  1.50000000e+00  0.00000000e+00 
 2.27277691e-05  7.30762158e-01  1.50000000e+00  0.00000000e+00 
 2.27381776e-05  7.30729670e-01  1.50000000e+00  0.00000000e+00 
 2.27514239e-05  7.30712205e-01  1.50000000e+00  0.00000000e+00 
 2.27647392e-05  7.30704219e-01  1.50000000e+00  0.00000000e+00 
 2.27731775e-05  7.30701131e-01  1.50000000e+00  0.00000000e+00 
 2.27825418e-05  7.30698664e-01  1.50000000e+00  0.00000000e+00 
 2.27930201e-05  7.30696589e-01  1.50000000e+00  0.00000000e+00 
 2.28051414e-05  7.30694811e-01  1.50000000e+00  0.00000000e+00 
 2.28172900e-05  7.30693410e-01  1.50000000e+00  0.00000000e+00 
 2.28310460e-05  7.30692186e-01  1.50000000e+00  0.00000000e+00 
 2.28455474e-05  7.30691189e-01  1.50000000e+00  0.00000000e+00 
 2.28625147e-05  7.30690295e-01  1.50000000e+00  0.00000000e+00 
 2.28816037e-05  7.30689498e-01  1.50000000e+00  0.00000000e+00 
 2.29049553e-05  7.30688836e-01  1.50000000e+00  0.00000000e+00 
 2.29332580e-05  7.30688269e-01  1.50000000e+00  0.00000000e+00 
 2.29703107e-05  7.30687761e-01  1.50000000e+00  0.00000000e+00 
 2.30204661e-05  7.30687314e-01  1.50000000e+00  0.00000000e+00 
 2.30969380e-05  7.30686883e-01  1.50000000e+00  0.00000000e+00 
 2.32318618e-05  7.30686379e-01  1.50000000e+00  0.00000000e+00 
 2.35017095e-05  7.30685568e-01  1.50000000e+00  0.00000000e+00 
 2.40414047e-05  7.30683995e-01  1.50000000e+00  0.00000000e+00 
 2.46000000e-05  7.30682361e-01  1.50000000e+00  0.00000000e+00 
 2.46023896e-05  7.31361929e-01  1.46415599e+00  0.00000000e+00 
 2.46071688e-05  7.33577739e-01  1.39246797e+00  0.00000000e+00 
 2.46096301e-05  7.35001741e-01  1.35554837e+00  0.00000000e+00 
 2.46131522e-05  7.37318348e-01  1.30271690e+00  0.00000000e+00 
 2.46165123e-05  7.39960172e-01  1.25231527e+00  0.00000000e+00 
 2.46190702e-05  7.42455042e-01  1.21394637e+00  0.00000000e+00 
 2.46208189e-05  7.44592305e-01  1.18771604e+00  0.00000000e+00 
 2.46221375e-05  7.46593887e-01  1.16793776e+00  0.00000000e+00 
 2.46233581e-05  7.48906457e-01  1.14962798e+00  0.00000000e+00 
 2.46245195e-05  7.51688499e-01  1.13220773e+00  0.00000000e+00 
 2.46257652e-05  7.55530376e-01  1.11352157e+00  0.00000000e+00 
 2.46272794e-05  7.61777013e-01  1.09080846e+00  0.00000000e+00 
 2.46286958e-05  7.69568859e-01  1.06956333e+00  0.00000000e+00 
 2.46304033e-05  7.81952142e-01  1.04395025e+00  0.00000000e+00 
 2.46314468e-05  7.90770228e-01  1.02829768e+00  0.00000000e+00 
 2.46325340e-05  8.00555029e-01  1.01199002e+00  0.00000000e+00 
 2.46336856e-05  8.13595955e-01  9.94716061e-01  0.00000000e+00 
 2.46348606e-05  8.29472275e-01  9.77091166e-01  0.00000000e+00 
 2.46366186e-05  8.56996881e-01  9.50721597e-01  0.00000000e+00 
 2.46394837e-05  9.11311681e-01  9.07744929e-01  0.00000000e+00 
 2.46429704e-05  9.91972078e-01  8.55444537e-01  0.00000000e+00 
 2.46480866e-05  1.12289019e+00  7.78701572e-01  0.00000000e+00 
 2.46506841e-05  1.18294091e+00  7.39739113e-01  0.00000000e+00 
 2.46523177e-05  1.21515272e+00  7.15235138e-01  0.00000000e+00 
 2.46542238e-05  1.24778425e+00  6.86642600e-01  0.00000000e+00 
 2.46565647e-05  1.28226167e+00  6.51529164e-01  0.00000000e+00 
 2.46591456e-05  1.31606457e+00  6.12816455e-01  0.00000000e+00 
 2.46633322e-05  1.37111950e+00  5.50017737e-01  0.00000000e+00 
 2.46647591e-05  1.39154418e+00  5.28613201e-01  0.00000000e+00 
 2.46657692e-05  1.39883397e+00  5.13461263e-01  0.00000000e+00 
 2.46666253e-05  1.39971061e+00  5.00621025e-01  0.00000000e+00 
 2.46671031e-05  1.39997485e+00  4.93453886e-01  0.00000000e+00 
 2.46677208e-05  1.40040280e+00  4.84187283e-01  0.00000000e+00 
 2.46683475e-05  1.40084536e+00  4.74787496e-01  0.00000000e+00 
 2.46691148e-05  1.40137393e+00  4.63278534e-01  0.00000000e+00 
 2.46704933e-05  1.40229070e+00  4.42600412e-01  0.00000000e+00 
 2.46727688e-05  1.40371959e+00  4.08468155e-01  0.00000000e+00 
 2.46757109e-05  1.40542456e+00  3.64336697e-01  0.00000000e+00 
 2.46800292e-05  1.40767108e+00  2.99562719e-01  0.00000000e+00 
 2.46857587e-05  1.41025716e+00  2.13619181e-01  0.00000000e+00 
 2.46930844e-05  1.41304186e+00  1.03733529e-01  0.00000000e+00 
 2.47000000e-05  1.41525339e+00  7.99360578e-15  0.00000000e+00 
 2.47011593e-05  1.41527281e+00  0.00000000e+00  0.00000000e+00 
 2.47034779e-05  1.41527353e+00  0.00000000e+00  0.00000000e+00 
 2.47074411e-05  1.41527326e+00  0.00000000e+00  0.00000000e+00 
 2.47153673e-05  1.41527325e+00  0.00000000e+00  0.00000000e+00 
 2.47307364e-05  1.41527325e+00  0.00000000e+00  0.00000000e+00 
 2.47500000e-05  1.41527325e+00  0.00000000e+00  0.00000000e+00 
 2.47519449e-05  1.41527325e+00  0.00000000e+00  2.91737109e-02 
 2.47558347e-05  1.41527325e+00  0.00000000e+00  8.75211328e-02 
 2.47636144e-05  1.41527325e+00  0.00000000e+00  2.04215976e-01 
 2.47791737e-05  1.41527326e+00  0.00000000e+00  4.37605664e-01 
 2.47839120e-05  1.41527326e+00  0.00000000e+00  5.08679602e-01 
 2.47922039e-05  1.41527326e+00  0.00000000e+00  6.33058993e-01 
 2.47970848e-05  1.41527326e+00  0.00000000e+00  7.06271452e-01 
 2.47999647e-05  1.41527326e+00  0.00000000e+00  7.49471156e-01 
 2.48016786e-05  1.41527873e+00  0.00000000e+00  7.75179473e-01 
 2.48025799e-05  1.41526139e+00  0.00000000e+00  7.88698752e-01 
 2.48036598e-05  1.41527721e+00  0.00000000e+00  8.04896753e-01 
 2.48048506e-05  1.41527399e+00  0.00000000e+00  8.22758762e-01 
 2.48067455e-05  1.41527307e+00  0.00000000e+00  8.51182053e-01 
 2.48105352e-05  1.41527322e+00  0.00000000e+00  9.08028636e-01 
 2.48181148e-05  1.41527326e+00  0.00000000e+00  1.02172180e+00 
 2.48332739e-05  1.41527326e+00  0.00000000e+00  1.24910813e+00 
 2.48500000e-05  1.41527326e+00  0.00000000e+00  1.50000000e+00 
 2.48528203e-05  1.41527326e+00  0.00000000e+00  1.50000000e+00 
 2.48584609e-05  1.41527326e+00  0.00000000e+00  1.50000000e+00 
 2.48697421e-05  1.41527326e+00  0.00000000e+00  1.50000000e+00 
 2.48923044e-05  1.41527326e+00  0.00000000e+00  1.50000000e+00 
 2.49374291e-05  1.41527326e+00  0.00000000e+00  1.50000000e+00 
 2.50276785e-05  1.41527327e+00  0.00000000e+00  1.50000000e+00 
 2.51264254e-05  1.41527327e+00  0.00000000e+00  1.50000000e+00 
 2.52726197e-05  1.41527328e+00  0.00000000e+00  1.50000000e+00 
 2.54548239e-05  1.41527329e+00  0.00000000e+00  1.50000000e+00 
 2.57763383e-05  1.41527331e+00  0.00000000e+00  1.50000000e+00 
 2.64162310e-05  1.41527334e+00  0.00000000e+00  1.50000000e+00 
 2.68500000e-05  1.41527336e+00  0.00000000e+00  1.50000000e+00 
 2.68600000e-05  1.41527336e+00  0.00000000e+00  1.35000000e+00 
 2.68800000e-05  1.41527336e+00  0.00000000e+00  1.05000000e+00 
 2.68845833e-05  1.41527336e+00  0.00000000e+00  9.81250000e-01 
 2.68926042e-05  1.41527336e+00  0.00000000e+00  8.60937500e-01 
 2.69014844e-05  1.41527336e+00  0.00000000e+00  7.27734375e-01 
 2.69192448e-05  1.41527336e+00  0.00000000e+00  4.61328125e-01 
 2.69500000e-05  1.41527337e+00  0.00000000e+00  7.99360578e-15 
 2.69535521e-05  1.41527337e+00  0.00000000e+00  0.00000000e+00 
 2.69606562e-05  1.41527337e+00  0.00000000e+00  0.00000000e+00 
 2.69748646e-05  1.41527337e+00  0.00000000e+00  0.00000000e+00 
 2.70000000e-05  1.41527337e+00  5.08219768e-14  0.00000000e+00 
 2.70019581e-05  1.41470308e+00  2.93716154e-02  0.00000000e+00 
 2.70058743e-05  1.41344168e+00  8.81148461e-02  0.00000000e+00 
 2.70108119e-05  1.41167209e+00  1.62178364e-01  0.00000000e+00 
 2.70137408e-05  1.41051375e+00  2.06112409e-01  0.00000000e+00 
 2.70163648e-05  1.40939738e+00  2.45472695e-01  0.00000000e+00 
 2.70200550e-05  1.40768536e+00  3.00824989e-01  0.00000000e+00 
 2.70216105e-05  1.40690847e+00  3.24157571e-01  0.00000000e+00 
 2.70238584e-05  1.40572160e+00  3.57875710e-01  0.00000000e+00 
 2.70265407e-05  1.40419708e+00  3.98110171e-01  0.00000000e+00 
 2.70294149e-05  1.40241784e+00  4.41223743e-01  0.00000000e+00 
 2.70308080e-05  1.40149589e+00  4.62120708e-01  0.00000000e+00 
 2.70327713e-05  1.40012491e+00  4.91569789e-01  0.00000000e+00 
 2.70337035e-05  1.39944283e+00  5.05552823e-01  0.00000000e+00 
 2.70345807e-05  1.39878176e+00  5.18711245e-01  0.00000000e+00 
 2.70353058e-05  1.39538241e+00  5.29587158e-01  0.00000000e+00 
 2.70356921e-05  1.38813762e+00  5.35381651e-01  0.00000000e+00 
 2.70361789e-05  1.38033559e+00  5.42683451e-01  0.00000000e+00 
 2.70367256e-05  1.37250426e+00  5.50883497e-01  0.00000000e+00 
 2.70374240e-05  1.36269870e+00  5.61359328e-01  0.00000000e+00 
 2.70388207e-05  1.34398206e+00  5.82310989e-01  0.00000000e+00 
 2.70416143e-05  1.30854613e+00  6.24214311e-01  0.00000000e+00 
 2.70445579e-05  1.26938789e+00  6.68368445e-01  0.00000000e+00 
 2.70485367e-05  1.20471148e+00  7.28051092e-01  0.00000000e+00 
 2.70501970e-05  1.17165145e+00  7.52954519e-01  0.00000000e+00 
 2.70510504e-05  1.15360845e+00  7.65755442e-01  0.00000000e+00 
 2.70518712e-05  1.13517278e+00  7.78067523e-01  0.00000000e+00 
 2.70527559e-05  1.11444482e+00  7.91338596e-01  0.00000000e+00 
 2.70545254e-05  1.07125550e+00  8.17880743e-01  0.00000000e+00 
 2.70571451e-05  1.00618476e+00  8.57176586e-01  0.00000000e+00 
 2.70623846e-05  8.90204702e-01  9.35768270e-01  0.00000000e+00 
 2.70674635e-05  8.11431259e-01  1.01195248e+00  0.00000000e+00 
