 time            vo1             vo2             p1              p2             
 1.00000000e-09  3.82582683e-01  4.22952791e-02  1.50000000e-02  0.00000000e+00 
 1.00469803e-09  3.82300948e-01  4.21409956e-02  1.50704705e-02  0.00000000e+00 
 1.01409410e-09  3.82066902e-01  4.18564028e-02  1.52114115e-02  0.00000000e+00 
 1.03288624e-09  3.81920321e-01  4.15991817e-02  1.54932936e-02  0.00000000e+00 
 1.07047051e-09  3.81898723e-01  4.15693039e-02  1.60570577e-02  0.00000000e+00 
 1.12273806e-09  3.81936071e-01  4.16788273e-02  1.68410710e-02  0.00000000e+00 
 1.21991965e-09  3.81971326e-01  4.18215234e-02  1.82987947e-02  0.00000000e+00 
 1.41428281e-09  3.82009969e-01  4.20515329e-02  2.12142421e-02  0.00000000e+00 
 1.80300913e-09  3.82084750e-01  4.25094144e-02  2.70451369e-02  0.00000000e+00 
 2.58046177e-09  3.82238133e-01  4.34299964e-02  3.87069266e-02  0.00000000e+00 
 4.13536707e-09  3.82545458e-01  4.52725392e-02  6.20305060e-02  0.00000000e+00 
 7.24517765e-09  3.83144598e-01  4.88673965e-02  1.08677665e-01  0.00000000e+00 
 1.34647988e-08  3.83452785e-01  5.07165262e-02  2.01971982e-01  0.00000000e+00 
 1.97814955e-08  3.79307038e-01  2.58420494e-02  2.96722433e-01  0.00000000e+00 
 2.44639287e-08  3.78066563e-01  1.83992008e-02  3.66958931e-01  0.00000000e+00 
 2.94443392e-08  3.77486803e-01  1.49206525e-02  4.41665088e-01  0.00000000e+00 
 3.69446749e-08  3.76735509e-01  1.04128858e-02  5.54170124e-01  0.00000000e+00 
 4.13778244e-08  3.76351030e-01  8.10600504e-03  6.20667366e-01  0.00000000e+00 
 5.02441233e-08  7.49999935e-01  4.35430873e-03  7.53661849e-01  0.00000000e+00 
 6.40579449e-08  7.49999889e-01  9.16801489e-04  9.60869173e-01  0.00000000e+00 
 8.30211785e-08  7.49999821e-01  2.35884630e-05  1.24531768e+00  0.00000000e+00 
 1.00000000e-07  7.49999759e-01  2.44071255e-05  1.50000000e+00  0.00000000e+00 
 1.00935701e-07  7.49999755e-01  1.88452634e-05  1.50000000e+00  0.00000000e+00 
 1.02807103e-07  7.49999748e-01  1.93353403e-05  1.50000000e+00  0.00000000e+00 
 1.06549907e-07  7.49999734e-01  2.03454565e-05  1.50000000e+00  0.00000000e+00 
 1.14035516e-07  7.49999706e-01  2.23556679e-05  1.50000000e+00  0.00000000e+00 
 1.29006733e-07  7.49999650e-01  2.63760890e-05  1.50000000e+00  0.00000000e+00 
 1.58949167e-07  7.49999538e-01  3.44168629e-05  1.50000000e+00  0.00000000e+00 
 2.18834035e-07  7.49999313e-01  5.04981425e-05  1.50000000e+00  0.00000000e+00 
 3.38603771e-07  7.49998864e-01  8.26596294e-05  1.50000000e+00  0.00000000e+00 
 5.78143244e-07  7.49997965e-01  1.46978314e-04  1.50000000e+00  0.00000000e+00 
 1.05722219e-06  7.49996168e-01  2.75598471e-04  1.50000000e+00  0.00000000e+00 
 1.95722219e-06  7.49992792e-01  5.17162927e-04  1.50000000e+00  0.00000000e+00 
 2.10000000e-06  7.49992257e-01  5.55477769e-04  1.50000000e+00  0.00000000e+00 
 2.10193206e-06  7.49992250e-01  5.49948371e-04  1.47101917e+00  0.00000000e+00 
 2.10579617e-06  7.49992235e-01  5.50825125e-04  1.41305751e+00  0.00000000e+00 
 2.11352439e-06  7.49992206e-01  5.53100794e-04  1.29713419e+00  0.00000000e+00 
 2.12289232e-06  7.49992171e-01  5.82606358e-04  1.15661520e+00  0.00000000e+00 
 2.13269382e-06  7.49992134e-01  1.05504609e-03  1.00959270e+00  0.00000000e+00 
 2.14189873e-06  7.49992100e-01  2.57492029e-03  8.71518992e-01  0.00000000e+00 
 2.15130802e-06  3.75906934e-01  5.45499645e-03  7.30379748e-01  0.00000000e+00 
 2.16797914e-06  3.77287798e-01  1.37401987e-02  4.80312941e-01  0.00000000e+00 
 2.17703272e-06  3.78231820e-01  1.94043371e-02  3.44509212e-01  0.00000000e+00 
 2.19001890e-06  3.78322552e-01  1.99487348e-02  1.49716550e-01  0.00000000e+00 
 2.20000000e-06  3.77203994e-01  1.32373922e-02  0.00000000e+00  0.00000000e+00 
 2.20146608e-06  3.77234068e-01  1.34177932e-02  0.00000000e+00  0.00000000e+00 
 2.20439824e-06  3.77291660e-01  1.37633652e-02  0.00000000e+00  0.00000000e+00 
 2.20927598e-06  3.77384411e-01  1.43198811e-02  0.00000000e+00  0.00000000e+00 
 2.21903146e-06  3.77559439e-01  1.53700735e-02  0.00000000e+00  0.00000000e+00 
 2.23854241e-06  3.77874270e-01  1.72590634e-02  0.00000000e+00  0.00000000e+00 
 2.25000000e-06  3.78039980e-01  1.82533700e-02  0.00000000e+00  0.00000000e+00 
 2.25390219e-06  3.78092699e-01  1.85696356e-02  0.00000000e+00  5.85328518e-02 
 2.26170657e-06  3.78195180e-01  1.91844516e-02  0.00000000e+00  1.75598555e-01 
 2.27731533e-06  3.78387701e-01  2.03396694e-02  0.00000000e+00  4.09729962e-01 
 2.28240204e-06  3.78446986e-01  2.06953690e-02  0.00000000e+00  4.86030594e-01 
 2.29130378e-06  3.78547014e-01  2.12954718e-02  0.00000000e+00  6.19556701e-01 
 2.30115928e-06  6.58128068e-06  3.73235892e-04  0.00000000e+00  7.67389175e-01 
 2.31266826e-06 -1.86189524e-06  3.76525944e-04  0.00000000e+00  9.40023869e-01 
 2.32479780e-06  3.47223953e-07  3.90212594e-04  0.00000000e+00  1.12196696e+00 
 2.34313131e-06  3.87124171e-07  4.06534001e-04  0.00000000e+00  1.39696967e+00 
 2.35000000e-06  4.01434433e-07  4.12332816e-04  0.00000000e+00  1.50000000e+00 
 2.35366670e-06  4.09252355e-07  4.15339466e-04  0.00000000e+00  1.50000000e+00 
 2.36100011e-06  4.24905922e-07  4.21249738e-04  0.00000000e+00  1.50000000e+00 
 2.37566692e-06  4.56572569e-07  4.32603679e-04  0.00000000e+00  1.50000000e+00 
 2.40500054e-06  5.21576940e-07  4.53658564e-04  0.00000000e+00  1.50000000e+00 
 2.46366779e-06  6.55197365e-07  4.90434777e-04  0.00000000e+00  1.50000000e+00 
 2.58100228e-06  9.31556398e-07  5.49282509e-04  0.00000000e+00  1.50000000e+00 
 2.81567126e-06  1.50040639e-06  6.33296472e-04  0.00000000e+00  1.50000000e+00 
 3.28500922e-06  2.65897474e-06  7.38041360e-04  0.00000000e+00  1.50000000e+00 
 3.97823034e-06  4.38409420e-06  8.23675079e-04  0.00000000e+00  1.50000000e+00 
 4.35000000e-06  5.31170788e-06  8.48896108e-04  0.00000000e+00  1.50000000e+00 
 4.36000000e-06  5.33667226e-06  8.49377021e-04  0.00000000e+00  1.35000000e+00 
 4.38000000e-06  5.38660912e-06  8.50332313e-04  0.00000000e+00  1.05000000e+00 
 4.38458333e-06  5.39805317e-06  8.50549916e-04  0.00000000e+00  9.81250000e-01 
 4.39260417e-06  5.41808048e-06  8.50929410e-04  0.00000000e+00  8.60937500e-01 
 4.40148437e-06  3.74893279e-01  8.67047969e-04  0.00000000e+00  7.27734375e-01 
 4.41924479e-06  3.74900216e-01  9.08868149e-04  0.00000000e+00  4.61328125e-01 
 4.45000000e-06  3.74913235e-01  9.87124450e-04  0.00000000e+00  0.00000000e+00 
 4.45355208e-06  3.74914812e-01  9.96570811e-04  0.00000000e+00  0.00000000e+00 
 4.46065625e-06  3.74917965e-01  1.01541552e-03  0.00000000e+00  0.00000000e+00 
 4.47486458e-06  3.74924199e-01  1.05287593e-03  0.00000000e+00  0.00000000e+00 
 4.50000000e-06  3.74935109e-01  1.11838353e-03  0.00000000e+00  0.00000000e+00 
 4.50191605e-06  3.75308397e-01  3.35809205e-03  2.87407808e-02  0.00000000e+00 
 4.50574816e-06  3.76050414e-01  7.81020355e-03  8.62223425e-02  0.00000000e+00 
 4.51341236e-06  3.76369131e-01  9.72251707e-03  2.01185466e-01  0.00000000e+00 
 4.51983193e-06  3.71423999e-01 -1.99482757e-02  2.97478886e-01  0.00000000e+00 
 4.52442346e-06  3.70128634e-01 -2.77204719e-02  3.66351870e-01  0.00000000e+00 
 4.52937027e-06  3.69555681e-01 -3.11581907e-02  4.40554032e-01  0.00000000e+00 
 4.53636565e-06  3.68853217e-01 -3.53730435e-02  5.45484712e-01  0.00000000e+00 
 4.54207343e-06  3.68361249e-01 -3.83247741e-02  6.31101499e-01  0.00000000e+00 
 4.55135169e-06  7.49332468e-01 -4.21081948e-02  7.70275375e-01  0.00000000e+00 
 4.56502297e-06  7.49332423e-01 -4.52801579e-02  9.75344498e-01  0.00000000e+00 
 4.58450769e-06  7.49332353e-01 -4.60375514e-02  1.26761528e+00  0.00000000e+00 
 4.60000000e-06  7.49332296e-01 -4.60354264e-02  1.50000000e+00  0.00000000e+00 
 4.60088453e-06  7.49332292e-01 -4.60409896e-02  1.50000000e+00  0.00000000e+00 
 4.60265358e-06  7.49332286e-01 -4.60404971e-02  1.50000000e+00  0.00000000e+00 
 4.60619170e-06  7.49332272e-01 -4.60394803e-02  1.50000000e+00  0.00000000e+00 
 4.61326792e-06  7.49332246e-01 -4.60374574e-02  1.50000000e+00  0.00000000e+00 
 4.62742037e-06  7.49332193e-01 -4.60334116e-02  1.50000000e+00  0.00000000e+00 
 4.65572526e-06  7.49332087e-01 -4.60253200e-02  1.50000000e+00  0.00000000e+00 
 4.71233505e-06  7.49331875e-01 -4.60091371e-02  1.50000000e+00  0.00000000e+00 
 4.82555463e-06  7.49331451e-01 -4.59767724e-02  1.50000000e+00  0.00000000e+00 
 5.05199379e-06  7.49330604e-01 -4.59120472e-02  1.50000000e+00  0.00000000e+00 
 5.50487211e-06  7.49328907e-01 -4.57826136e-02  1.50000000e+00  0.00000000e+00 
 6.40487211e-06  7.49325540e-01 -4.55254578e-02  1.50000000e+00  0.00000000e+00 
 6.60000000e-06  7.49324809e-01 -4.54697158e-02  1.50000000e+00  0.00000000e+00 
 6.60259408e-06  7.49324799e-01 -4.54750246e-02  1.46108874e+00  0.00000000e+00 
 6.60778225e-06  7.49324779e-01 -4.54737378e-02  1.38326623e+00  0.00000000e+00 
 6.61815859e-06  7.49324741e-01 -4.54671739e-02  1.22762120e+00  0.00000000e+00 
 6.63187706e-06  7.49324689e-01 -4.50492463e-02  1.02184407e+00  0.00000000e+00 
 6.63691409e-06  7.49324670e-01 -4.44289892e-02  9.46288681e-01  0.00000000e+00 
 6.64250632e-06  7.49324650e-01 -4.33139560e-02  8.62405248e-01  0.00000000e+00 
 6.65145991e-06  3.67989212e-01 -4.05328522e-02  7.28101312e-01  0.00000000e+00 
 6.66936710e-06  3.69494876e-01 -3.14987756e-02  4.59493440e-01  0.00000000e+00 
 6.67873600e-06  3.70453104e-01 -2.57494000e-02  3.18959944e-01  0.00000000e+00 
 6.69089630e-06  3.70315437e-01 -2.65753994e-02  1.36555467e-01  0.00000000e+00 
 6.70000000e-06  3.69209039e-01 -3.32137777e-02  0.00000000e+00  0.00000000e+00 
 6.70113227e-06  3.69229758e-01 -3.30894881e-02  0.00000000e+00  0.00000000e+00 
 6.70339682e-06  3.69269124e-01 -3.28532904e-02  0.00000000e+00  0.00000000e+00 
 6.70792591e-06  3.69345756e-01 -3.23933346e-02  0.00000000e+00  0.00000000e+00 
 6.71698409e-06  3.69491452e-01 -3.15192964e-02  0.00000000e+00  0.00000000e+00 
 6.73510046e-06  3.69756560e-01 -2.99286911e-02  0.00000000e+00  0.00000000e+00 
 6.75000000e-06  3.69952043e-01 -2.87557494e-02  0.00000000e+00  0.00000000e+00 
 6.75362327e-06  3.69996140e-01 -2.84911817e-02  0.00000000e+00  5.43490998e-02 
 6.76086982e-06  3.70082145e-01 -2.79752221e-02  0.00000000e+00  1.63047299e-01 
 6.77536291e-06  3.70244754e-01 -2.69994761e-02  0.00000000e+00  3.80443698e-01 
 6.78081570e-06  3.70302804e-01 -2.66511810e-02  0.00000000e+00  4.62235505e-01 
 6.79035808e-06  3.70400626e-01 -2.60643192e-02  0.00000000e+00  6.05371166e-01 
 6.80092285e-06 -6.99016080e-06  4.16210806e-04  0.00000000e+00  7.63842792e-01 
 6.81221624e-06  2.76974826e-06  4.35635459e-04  0.00000000e+00  9.33243625e-01 
 6.82414440e-06  3.20767062e-07  4.43104019e-04  0.00000000e+00  1.11216605e+00 
 6.84143971e-06  3.54382617e-07  4.56621254e-04  0.00000000e+00  1.37159560e+00 
 6.85000000e-06  3.73664620e-07  4.62992575e-04  0.00000000e+00  1.50000000e+00 
 6.85345906e-06  3.81326604e-07  4.65494148e-04  0.00000000e+00  1.50000000e+00 
 6.86037718e-06  3.96624125e-07  4.70424802e-04  0.00000000e+00  1.50000000e+00 
 6.87421342e-06  4.27445589e-07  4.79954933e-04  0.00000000e+00  1.50000000e+00 
 6.90188591e-06  4.90175174e-07  4.97815094e-04  0.00000000e+00  1.50000000e+00 
 6.95723088e-06  6.18100408e-07  5.29548291e-04  0.00000000e+00  1.50000000e+00 
 7.06792082e-06  8.80555723e-07  5.81548375e-04  0.00000000e+00  1.50000000e+00 
 7.28930070e-06  1.41810675e-06  6.57930722e-04  0.00000000e+00  1.50000000e+00 
 7.73206046e-06  2.51099323e-06  7.56092345e-04  0.00000000e+00  1.50000000e+00 
 8.47168729e-06  4.35140042e-06  8.48303025e-04  0.00000000e+00  1.50000000e+00 
 8.85000000e-06  5.29535419e-06  8.73827100e-04  0.00000000e+00  1.50000000e+00 
 8.86000000e-06  5.32031866e-06  8.74305120e-04  0.00000000e+00  1.35000000e+00 
 8.88000000e-06  5.37025605e-06  8.75254685e-04  0.00000000e+00  1.05000000e+00 
 8.88458333e-06  5.38170022e-06  8.75470986e-04  0.00000000e+00  9.81250000e-01 
 8.89260417e-06  5.40172773e-06  8.75848214e-04  0.00000000e+00  8.60937500e-01 
 8.90148438e-06  3.74889105e-01  8.91866851e-04  0.00000000e+00  7.27734375e-01 
 8.91924479e-06  3.74895993e-01  9.33428413e-04  0.00000000e+00  4.61328125e-01 
 8.95000000e-06  3.74908942e-01  1.01120316e-03  0.00000000e+00  0.00000000e+00 
 8.95355208e-06  3.74910506e-01  1.02059159e-03  0.00000000e+00  0.00000000e+00 
 8.96065625e-06  3.74913612e-01  1.03932084e-03  0.00000000e+00  0.00000000e+00 
 8.97486458e-06  3.74919829e-01  1.07655223e-03  0.00000000e+00  0.00000000e+00 
 9.00000000e-06  3.74930679e-01  1.14166096e-03  0.00000000e+00  0.00000000e+00 
 9.00191606e-06  3.75303967e-01  3.38136398e-03  2.87408689e-02  0.00000000e+00 
 9.00574817e-06  3.76045975e-01  7.83342661e-03  8.62226066e-02  0.00000000e+00 
 9.01341241e-06  3.76364307e-01  9.74342689e-03  2.01186082e-01  0.00000000e+00 
 9.01982968e-06  3.71416991e-01 -1.99403839e-02  2.97445193e-01  0.00000000e+00 
 9.02441917e-06  3.70120533e-01 -2.77192202e-02  3.66287597e-01  0.00000000e+00 
 9.02936409e-06  3.69547684e-01 -3.11563143e-02  4.40461424e-01  0.00000000e+00 
 9.03635975e-06  3.68845103e-01 -3.53718746e-02  5.45396285e-01  0.00000000e+00 
 9.04209053e-06  3.68351230e-01 -3.83350305e-02  6.31357901e-01  0.00000000e+00 
 9.05135597e-06  7.49307576e-01 -4.21117464e-02  7.70339475e-01  0.00000000e+00 
 9.06503749e-06  7.49307531e-01 -4.52841662e-02  9.75562357e-01  0.00000000e+00 
 9.08452142e-06  7.49307461e-01 -4.60396693e-02  1.26782136e+00  0.00000000e+00 
 9.10000000e-06  7.49307404e-01 -4.60375381e-02  1.50000000e+00  0.00000000e+00 
 9.10088396e-06  7.49307400e-01 -4.60431018e-02  1.50000000e+00  0.00000000e+00 
 9.10265189e-06  7.49307394e-01 -4.60426096e-02  1.50000000e+00  0.00000000e+00 
 9.10618775e-06  7.49307380e-01 -4.60415934e-02  1.50000000e+00  0.00000000e+00 
 9.11325947e-06  7.49307354e-01 -4.60395718e-02  1.50000000e+00  0.00000000e+00 
 9.12740291e-06  7.49307301e-01 -4.60355286e-02  1.50000000e+00  0.00000000e+00 
 9.15568979e-06  7.49307195e-01 -4.60274421e-02  1.50000000e+00  0.00000000e+00 
 9.21226354e-06  7.49306983e-01 -4.60112695e-02  1.50000000e+00  0.00000000e+00 
 9.32541105e-06  7.49306559e-01 -4.59789253e-02  1.50000000e+00  0.00000000e+00 
 9.55170607e-06  7.49305712e-01 -4.59142411e-02  1.50000000e+00  0.00000000e+00 
 1.00042961e-05  7.49304020e-01 -4.57848894e-02  1.50000000e+00  0.00000000e+00 
 1.09042961e-05  7.49300653e-01 -4.55277329e-02  1.50000000e+00  0.00000000e+00 
 1.11000000e-05  7.49299920e-01 -4.54718261e-02  1.50000000e+00  0.00000000e+00 
 1.11026014e-05  7.49299910e-01 -4.54771332e-02  1.46097948e+00  0.00000000e+00 
 1.11078041e-05  7.49299891e-01 -4.54758425e-02  1.38293844e+00  0.00000000e+00 
 1.11182096e-05  7.49299852e-01 -4.54691836e-02  1.22685635e+00  0.00000000e+00 
 1.11320019e-05  7.49299800e-01 -4.50400337e-02  1.01997137e+00  0.00000000e+00 
 1.11367066e-05  7.49299783e-01 -4.44635859e-02  9.49401505e-01  0.00000000e+00 
 1.11429530e-05  7.49299759e-01 -4.32065807e-02  8.55705175e-01  0.00000000e+00 
 1.11515716e-05  3.67987642e-01 -4.04924251e-02  7.26426294e-01  0.00000000e+00 
 1.11688088e-05  3.69429415e-01 -3.18416913e-02  4.67868532e-01  0.00000000e+00 
 1.11780301e-05  3.70381387e-01 -2.61298491e-02  3.29548743e-01  0.00000000e+00 
 1.11903909e-05  3.70345240e-01 -2.63467276e-02  1.44136744e-01  0.00000000e+00 
 1.12000000e-05  3.69215991e-01 -3.31222221e-02  7.99360578e-15  0.00000000e+00 
 1.12012873e-05  3.69239243e-01 -3.29827439e-02  0.00000000e+00  0.00000000e+00 
 1.12038620e-05  3.69283548e-01 -3.27169001e-02  0.00000000e+00  0.00000000e+00 
 1.12087816e-05  3.69365786e-01 -3.22234657e-02  0.00000000e+00  0.00000000e+00 
 1.12186208e-05  3.69521511e-01 -3.12891009e-02  0.00000000e+00  0.00000000e+00 
 1.12382993e-05  3.69803224e-01 -2.95988159e-02  0.00000000e+00  0.00000000e+00 
 1.12500000e-05  3.69954162e-01 -2.86931461e-02  0.00000000e+00  0.00000000e+00 
 1.12539357e-05  3.70001735e-01 -2.84077590e-02  0.00000000e+00  5.90354730e-02 
 1.12618071e-05  3.70094314e-01 -2.78522857e-02  0.00000000e+00  1.77106419e-01 
 1.12775499e-05  3.70268680e-01 -2.68060332e-02  0.00000000e+00  4.13248311e-01 
 1.12825926e-05  3.70321590e-01 -2.64886190e-02  0.00000000e+00  4.88889253e-01 
 1.12914174e-05  3.70411008e-01 -2.59520927e-02  0.00000000e+00  6.21260901e-01 
 1.13011877e-05 -7.57665067e-06  4.41200209e-04  0.00000000e+00  7.67815225e-01 
 1.13116421e-05  2.94525374e-06  4.60604494e-04  0.00000000e+00  9.24631847e-01 
 1.13226838e-05  3.01548684e-07  4.67149403e-04  0.00000000e+00  1.09025679e+00 
 1.13387069e-05  3.31895019e-07  4.79724347e-04  0.00000000e+00  1.33060319e+00 
 1.13500000e-05  3.57135914e-07  4.88143029e-04  0.00000000e+00  1.50000000e+00 
 1.13532046e-05  3.64273840e-07  4.90454920e-04  0.00000000e+00  1.50000000e+00 
 1.13596139e-05  3.78452383e-07  4.95016619e-04  0.00000000e+00  1.50000000e+00 
 1.13724323e-05  4.07003167e-07  5.03855700e-04  0.00000000e+00  1.50000000e+00 
 1.13980693e-05  4.65048539e-07  5.20494378e-04  0.00000000e+00  1.50000000e+00 
 1.14493432e-05  5.83320262e-07  5.50276623e-04  0.00000000e+00  1.50000000e+00 
 1.15518910e-05  8.25853452e-07  5.99610078e-04  0.00000000e+00  1.50000000e+00 
 1.17569866e-05  1.32277369e-06  6.73090093e-04  0.00000000e+00  1.50000000e+00 
 1.21671778e-05  2.33391653e-06  7.69089012e-04  0.00000000e+00  1.50000000e+00 
 1.28929853e-05  4.13897424e-06  8.65726800e-04  0.00000000e+00  1.50000000e+00 
 1.33500000e-05  5.27912734e-06  8.98503706e-04  0.00000000e+00  1.50000000e+00 
 1.33600000e-05  5.30409052e-06  8.98980368e-04  0.00000000e+00  1.35000000e+00 
 1.33800000e-05  5.35402816e-06  8.99927244e-04  0.00000000e+00  1.05000000e+00 
 1.33845833e-05  5.36547239e-06  9.00142935e-04  0.00000000e+00  9.81250000e-01 
 1.33926042e-05  5.38550000e-06  9.00519099e-04  0.00000000e+00  8.60937500e-01 
 1.34014844e-05  3.74884973e-01  9.16490854e-04  0.00000000e+00  7.27734375e-01 
 1.34192448e-05  3.74891848e-01  9.57931074e-04  0.00000000e+00  4.61328125e-01 
 1.34500000e-05  3.74904752e-01  1.03547988e-03  0.00000000e+00  7.99360578e-15 
 1.34535521e-05  3.74906311e-01  1.04484113e-03  0.00000000e+00  0.00000000e+00 
 1.34606563e-05  3.74909423e-01  1.06351620e-03  0.00000000e+00  0.00000000e+00 
 1.34748646e-05  3.74915607e-01  1.10064013e-03  0.00000000e+00  0.00000000e+00 
 1.35000000e-05  3.74926426e-01  1.16556172e-03  0.00000000e+00  0.00000000e+00 
 1.35019161e-05  3.75299714e-01  3.40526444e-03  2.87409114e-02  0.00000000e+00 
 1.35057482e-05  3.76041719e-01  7.85730765e-03  8.62227341e-02  0.00000000e+00 
 1.35134124e-05  3.76359877e-01  9.76617410e-03  2.01186380e-01  0.00000000e+00 
 1.35198286e-05  3.71411502e-01 -1.99240633e-02  2.97428643e-01  0.00000000e+00 
 1.35244171e-05  3.70114471e-01 -2.77061772e-02  3.66256043e-01  0.00000000e+00 
 1.35293611e-05  3.69541672e-01 -3.11429696e-02  4.40415967e-01  0.00000000e+00 
 1.35363569e-05  3.68839018e-01 -3.53588855e-02  5.45352964e-01  0.00000000e+00 
 1.35420989e-05  3.68344226e-01 -3.83276373e-02  6.31483400e-01  0.00000000e+00 
 1.35513581e-05  7.49282878e-01 -4.21010776e-02  7.70370850e-01  0.00000000e+00 
 1.35650446e-05  7.49282832e-01 -4.52737242e-02  9.75669030e-01  0.00000000e+00 
 1.35845281e-05  7.49282762e-01 -4.60283036e-02  1.26792224e+00  0.00000000e+00 
 1.36000000e-05  7.49282705e-01 -4.60261696e-02  1.50000000e+00  0.00000000e+00 
 1.36008837e-05  7.49282702e-01 -4.60317335e-02  1.50000000e+00  0.00000000e+00 
 1.36026511e-05  7.49282695e-01 -4.60312414e-02  1.50000000e+00  0.00000000e+00 
 1.36061858e-05  7.49282682e-01 -4.60302256e-02  1.50000000e+00  0.00000000e+00 
 1.36132553e-05  7.49282655e-01 -4.60282047e-02  1.50000000e+00  0.00000000e+00 
 1.36273944e-05  7.49282602e-01 -4.60241627e-02  1.50000000e+00  0.00000000e+00 
 1.36556724e-05  7.49282496e-01 -4.60160789e-02  1.50000000e+00  0.00000000e+00 
 1.37122285e-05  7.49282285e-01 -4.59999116e-02  1.50000000e+00  0.00000000e+00 
 1.38253407e-05  7.49281861e-01 -4.59675780e-02  1.50000000e+00  0.00000000e+00 
 1.40515650e-05  7.49281016e-01 -4.59029150e-02  1.50000000e+00  0.00000000e+00 
 1.45040138e-05  7.49279323e-01 -4.57736057e-02  1.50000000e+00  0.00000000e+00 
 1.54040138e-05  7.49275957e-01 -4.55164529e-02  1.50000000e+00  0.00000000e+00 
 1.56000000e-05  7.49275223e-01 -4.54604664e-02  1.50000000e+00  0.00000000e+00 
 1.56026049e-05  7.49275214e-01 -4.54657726e-02  1.46092592e+00  0.00000000e+00 
 1.56078148e-05  7.49275194e-01 -4.54644800e-02  1.38277777e+00  0.00000000e+00 
 1.56182346e-05  7.49275155e-01 -4.54577739e-02  1.22648147e+00  0.00000000e+00 
 1.56320627e-05  7.49275103e-01 -4.50230890e-02  1.01905941e+00  0.00000000e+00 
 1.56365992e-05  7.49275086e-01 -4.44687841e-02  9.51011379e-01  0.00000000e+00 
 1.56431783e-05  7.49275062e-01 -4.31388211e-02  8.52324895e-01  0.00000000e+00 
 1.56516279e-05  3.67984876e-01 -4.04595284e-02  7.25581224e-01  0.00000000e+00 
 1.56685271e-05  3.69394608e-01 -3.20011653e-02  4.72093881e-01  0.00000000e+00 
 1.56776762e-05  3.70341915e-01 -2.63172755e-02  3.34856587e-01  0.00000000e+00 
 1.56901523e-05  3.70356430e-01 -2.62301824e-02  1.47715801e-01  0.00000000e+00 
 1.57000000e-05  3.69218658e-01 -3.30568113e-02  7.99360578e-15  0.00000000e+00 
 1.57013643e-05  3.69243082e-01 -3.29099756e-02  0.00000000e+00  0.00000000e+00 
 1.57040928e-05  3.69289829e-01 -3.26298009e-02  0.00000000e+00  0.00000000e+00 
 1.57090216e-05  3.69371760e-01 -3.21383805e-02  0.00000000e+00  0.00000000e+00 
 1.57188792e-05  3.69526854e-01 -3.12076281e-02  0.00000000e+00  0.00000000e+00 
 1.57385943e-05  3.69807580e-01 -2.95233115e-02  0.00000000e+00  0.00000000e+00 
 1.57500000e-05  3.69954097e-01 -2.86442030e-02  0.00000000e+00  0.00000000e+00 
 1.57539430e-05  3.70001604e-01 -2.83591369e-02  0.00000000e+00  5.91453697e-02 
 1.57618291e-05  3.70094081e-01 -2.78042742e-02  0.00000000e+00  1.77436109e-01 
 1.57776012e-05  3.70268270e-01 -2.67591179e-02  0.00000000e+00  4.14017588e-01 
 1.57826343e-05  3.70320925e-01 -2.64431999e-02  0.00000000e+00  4.89514290e-01 
 1.57914422e-05  3.70409935e-01 -2.59091213e-02  0.00000000e+00  6.21633519e-01 
 1.58011939e-05 -7.60173383e-06  4.66122205e-04  0.00000000e+00  7.67908380e-01 
 1.58116313e-05  2.93357495e-06  4.85504371e-04  0.00000000e+00  9.24468848e-01 
 1.58226548e-05  2.86251576e-07  4.92011855e-04  0.00000000e+00  1.08982235e+00 
 1.58386533e-05  3.16554725e-07  5.04543810e-04  0.00000000e+00  1.32979993e+00 
 1.58500000e-05  3.41924335e-07  5.12986781e-04  0.00000000e+00  1.50000000e+00 
 1.58531997e-05  3.49055103e-07  5.15290805e-04  0.00000000e+00  1.50000000e+00 
 1.58595991e-05  3.63218310e-07  5.19837174e-04  0.00000000e+00  1.50000000e+00 
 1.58723979e-05  3.91736837e-07  5.28647412e-04  0.00000000e+00  1.50000000e+00 
 1.58979955e-05  4.49710498e-07  5.45234679e-04  0.00000000e+00  1.50000000e+00 
 1.59491907e-05  5.67823854e-07  5.74933487e-04  0.00000000e+00  1.50000000e+00 
 1.60515812e-05  8.10005378e-07  6.24149379e-04  0.00000000e+00  1.50000000e+00 
 1.62563620e-05  1.30616963e-06  6.97492890e-04  0.00000000e+00  1.50000000e+00 
 1.66659238e-05  2.31575038e-06  7.93369704e-04  0.00000000e+00  1.50000000e+00 
 1.73923991e-05  4.12245929e-06  8.90148324e-04  0.00000000e+00  1.50000000e+00 
 1.78500000e-05  5.26407438e-06  9.22974498e-04  0.00000000e+00  1.50000000e+00 
 1.78600000e-05  5.28903755e-06  9.23451049e-04  0.00000000e+00  1.35000000e+00 
 1.78800000e-05  5.33897521e-06  9.24397706e-04  0.00000000e+00  1.05000000e+00 
 1.78845833e-05  5.35041945e-06  9.24613347e-04  0.00000000e+00  9.81250000e-01 
 1.78926042e-05  5.37044707e-06  9.24989424e-04  0.00000000e+00  8.60937500e-01 
 1.79014844e-05  3.74880875e-01  9.40957378e-04  0.00000000e+00  7.27734375e-01 
 1.79192448e-05  3.74887748e-01  9.82387764e-04  0.00000000e+00  4.61328125e-01 
 1.79500000e-05  3.74900645e-01  1.05991827e-03  0.00000000e+00  7.99360578e-15 
 1.79535521e-05  3.74902207e-01  1.06927732e-03  0.00000000e+00  0.00000000e+00 
 1.79606562e-05  3.74905318e-01  1.08794801e-03  0.00000000e+00  0.00000000e+00 
 1.79748646e-05  3.74911502e-01  1.12506324e-03  0.00000000e+00  0.00000000e+00 
 1.80000000e-05  3.74922318e-01  1.18996969e-03  0.00000000e+00  0.00000000e+00 
 1.80019161e-05  3.75295606e-01  3.42967634e-03  2.87409168e-02  0.00000000e+00 
 1.80057482e-05  3.76037612e-01  7.88172402e-03  8.62227503e-02  0.00000000e+00 
 1.80134124e-05  3.76355726e-01  9.79041639e-03  2.01186417e-01  0.00000000e+00 
 1.80198284e-05  3.71407163e-01 -1.99008843e-02  2.97426044e-01  0.00000000e+00 
 1.80244167e-05  3.70110070e-01 -2.76835285e-02  3.66251096e-01  0.00000000e+00 
 1.80293606e-05  3.69537305e-01 -3.11202807e-02  4.40408844e-01  0.00000000e+00 
 1.80363564e-05  3.68834612e-01 -3.53362615e-02  5.45346194e-01  0.00000000e+00 
 1.80421002e-05  3.68339674e-01 -3.83058953e-02  6.31503058e-01  0.00000000e+00 
 1.80513584e-05  7.49258335e-01 -4.20788302e-02  7.70375765e-01  0.00000000e+00 
 1.80650457e-05  7.49258289e-01 -4.52515189e-02  9.75685748e-01  0.00000000e+00 
 1.80845292e-05  7.49258219e-01 -4.60059554e-02  1.26793805e+00  0.00000000e+00 
 1.81000000e-05  7.49258162e-01 -4.60038210e-02  1.50000000e+00  0.00000000e+00 
 1.81008836e-05  7.49258159e-01 -4.60093849e-02  1.50000000e+00  0.00000000e+00 
 1.81026509e-05  7.49258152e-01 -4.60088929e-02  1.50000000e+00  0.00000000e+00 
 1.81061855e-05  7.49258139e-01 -4.60078772e-02  1.50000000e+00  0.00000000e+00 
 1.81132547e-05  7.49258112e-01 -4.60058564e-02  1.50000000e+00  0.00000000e+00 
 1.81273930e-05  7.49258059e-01 -4.60018148e-02  1.50000000e+00  0.00000000e+00 
 1.81556697e-05  7.49257954e-01 -4.59937316e-02  1.50000000e+00  0.00000000e+00 
 1.82122230e-05  7.49257742e-01 -4.59775656e-02  1.50000000e+00  0.00000000e+00 
 1.83253296e-05  7.49257319e-01 -4.59452345e-02  1.50000000e+00  0.00000000e+00 
 1.85515429e-05  7.49256472e-01 -4.58805766e-02  1.50000000e+00  0.00000000e+00 
 1.90039695e-05  7.49254780e-01 -4.57512774e-02  1.50000000e+00  0.00000000e+00 
 1.99039695e-05  7.49251417e-01 -4.54941323e-02  1.50000000e+00  0.00000000e+00 
 2.01000000e-05  7.49250684e-01 -4.54381348e-02  1.50000000e+00  0.00000000e+00 
 2.01026055e-05  7.49250675e-01 -4.54434409e-02  1.46091752e+00  0.00000000e+00 
 2.01078165e-05  7.49250655e-01 -4.54421481e-02  1.38275257e+00  0.00000000e+00 
 2.01182385e-05  7.49250616e-01 -4.54354346e-02  1.22642267e+00  0.00000000e+00 
 2.01320722e-05  7.49250564e-01 -4.49998788e-02  1.01891674e+00  0.00000000e+00 
 2.01365821e-05  7.49250547e-01 -4.44490870e-02  9.51269171e-01  0.00000000e+00 
 2.01432141e-05  7.49250523e-01 -4.31074660e-02  8.51788639e-01  0.00000000e+00 
 2.01516369e-05  3.67980995e-01 -4.04337661e-02  7.25447160e-01  0.00000000e+00 
 2.01684824e-05  3.69385654e-01 -3.20058391e-02  4.72764201e-01  0.00000000e+00 
 2.01776202e-05  3.70332144e-01 -2.63268517e-02  3.35696710e-01  0.00000000e+00 
 2.01901154e-05  3.70354649e-01 -2.61918213e-02  1.48268635e-01  0.00000000e+00 
 2.02000000e-05  3.69215712e-01 -3.30255175e-02  7.99360578e-15  0.00000000e+00 
 2.02013764e-05  3.69240366e-01 -3.28775298e-02  0.00000000e+00  0.00000000e+00 
 2.02041292e-05  3.69287436e-01 -3.25951126e-02  0.00000000e+00  0.00000000e+00 
 2.02090594e-05  3.69369289e-01 -3.21040034e-02  0.00000000e+00  0.00000000e+00 
 2.02189199e-05  3.69524315e-01 -3.11738087e-02  0.00000000e+00  0.00000000e+00 
 2.02386409e-05  3.69804882e-01 -2.94904119e-02  0.00000000e+00  0.00000000e+00 
 2.02500000e-05  3.69950711e-01 -2.86154716e-02  0.00000000e+00  0.00000000e+00 
 2.02539442e-05  3.69998209e-01 -2.83304529e-02  0.00000000e+00  5.91629290e-02 
 2.02618326e-05  3.70090671e-01 -2.77756802e-02  0.00000000e+00  1.77488787e-01 
 2.02776094e-05  3.70264834e-01 -2.67306850e-02  0.00000000e+00  4.14140503e-01 
 2.02826409e-05  3.70317450e-01 -2.64150011e-02  0.00000000e+00  4.89614159e-01 
 2.02914462e-05  3.70406383e-01 -2.58813054e-02  0.00000000e+00  6.21693056e-01 
 2.03011949e-05 -7.61826096e-06  4.90636557e-04  0.00000000e+00  7.67923264e-01 
 2.03116296e-05  2.91903282e-06  5.10015541e-04  0.00000000e+00  9.24443891e-01 
 2.03226503e-05  2.71163404e-07  5.16517596e-04  0.00000000e+00  1.08975515e+00 
 2.03386451e-05  3.01459482e-07  5.29043394e-04  0.00000000e+00  1.32967586e+00 
 2.03500000e-05  3.26848738e-07  5.37490411e-04  0.00000000e+00  1.50000000e+00 
 2.03531989e-05  3.33978342e-07  5.39793303e-04  0.00000000e+00  1.50000000e+00 
 2.03595968e-05  3.48139057e-07  5.44337467e-04  0.00000000e+00  1.50000000e+00 
 2.03723926e-05  3.76652373e-07  5.53143557e-04  0.00000000e+00  1.50000000e+00 
 2.03979841e-05  4.34614598e-07  5.69723426e-04  0.00000000e+00  1.50000000e+00 
 2.04491672e-05  5.52702974e-07  5.99410221e-04  0.00000000e+00  1.50000000e+00 
 2.05515334e-05  7.94829626e-07  6.48609164e-04  0.00000000e+00  1.50000000e+00 
 2.07562657e-05  1.29087676e-06  7.21932953e-04  0.00000000e+00  1.50000000e+00 
 2.11657304e-05  2.30021635e-06  8.17792064e-04  0.00000000e+00  1.50000000e+00 
 2.18922911e-05  4.10713614e-06  9.14590920e-04  0.00000000e+00  1.50000000e+00 
 2.23500000e-05  5.24902033e-06  9.47426230e-04  0.00000000e+00  1.50000000e+00 
 2.23600000e-05  5.27398351e-06  9.47902759e-04  0.00000000e+00  1.35000000e+00 
 2.23800000e-05  5.32392117e-06  9.48849373e-04  0.00000000e+00  1.05000000e+00 
 2.23845833e-05  5.33536541e-06  9.49065003e-04  0.00000000e+00  9.81250000e-01 
 2.23926042e-05  5.35539303e-06  9.49441063e-04  0.00000000e+00  8.60937500e-01 
 2.24014844e-05  3.74876780e-01  9.65408280e-04  0.00000000e+00  7.27734375e-01 
 2.24192448e-05  3.74883652e-01  1.00683676e-03  0.00000000e+00  4.61328125e-01 
 2.24500000e-05  3.74896549e-01  1.08436374e-03  0.00000000e+00  7.99360578e-15 
 2.24535521e-05  3.74898111e-01  1.09372236e-03  0.00000000e+00  0.00000000e+00 
 2.24606562e-05  3.74901222e-01  1.11239221e-03  0.00000000e+00  0.00000000e+00 
 2.24748646e-05  3.74907405e-01  1.14950577e-03  0.00000000e+00  0.00000000e+00 
 2.25000000e-05  3.74918220e-01  1.21440932e-03  0.00000000e+00  0.00000000e+00 
 2.25019161e-05  3.75291509e-01  3.45412020e-03  2.87409195e-02  0.00000000e+00 
 2.25057482e-05  3.76033518e-01  7.90617403e-03  8.62227585e-02  0.00000000e+00 
 2.25134124e-05  3.76351613e-01  9.81476056e-03  2.01186437e-01  0.00000000e+00 
 2.25198283e-05  3.71402950e-01 -1.98772220e-02  2.97424437e-01  0.00000000e+00 
 2.25244165e-05  3.70105760e-01 -2.76602011e-02  3.66248041e-01  0.00000000e+00 
 2.25293603e-05  3.69532999e-01 -3.10969318e-02  4.40404446e-01  0.00000000e+00 
 2.25363561e-05  3.68830326e-01 -3.53129567e-02  5.45342021e-01  0.00000000e+00 
 2.25421010e-05  3.68335296e-01 -3.82831376e-02  6.31515199e-01  0.00000000e+00 
 2.25513586e-05  7.49233807e-01 -4.20557639e-02  7.70378800e-01  0.00000000e+00 
 2.25650464e-05  7.49233762e-01 -4.52284815e-02  9.75696077e-01  0.00000000e+00 
 2.25845299e-05  7.49233692e-01 -4.59828304e-02  1.26794782e+00  0.00000000e+00 
 2.26000000e-05  7.49233635e-01 -4.59806959e-02  1.50000000e+00  0.00000000e+00 
 2.26008836e-05  7.49233631e-01 -4.59862599e-02  1.50000000e+00  0.00000000e+00 
 2.26026509e-05  7.49233625e-01 -4.59857679e-02  1.50000000e+00  0.00000000e+00 
 2.26061853e-05  7.49233611e-01 -4.59847523e-02  1.50000000e+00  0.00000000e+00 
 2.26132543e-05  7.49233585e-01 -4.59827316e-02  1.50000000e+00  0.00000000e+00 
 2.26273922e-05  7.49233532e-01 -4.59786902e-02  1.50000000e+00  0.00000000e+00 
 2.26556680e-05  7.49233426e-01 -4.59706076e-02  1.50000000e+00  0.00000000e+00 
 2.27122196e-05  7.49233214e-01 -4.59544425e-02  1.50000000e+00  0.00000000e+00 
 2.28253228e-05  7.49232792e-01 -4.59221134e-02  1.50000000e+00  0.00000000e+00 
 2.30515293e-05  7.49231946e-01 -4.58574594e-02  1.50000000e+00  0.00000000e+00 
 2.35039421e-05  7.49230253e-01 -4.57281682e-02  1.50000000e+00  0.00000000e+00 
 2.44039421e-05  7.49226884e-01 -4.54710310e-02  1.50000000e+00  0.00000000e+00 
 2.46000000e-05  7.49226150e-01 -4.54150274e-02  1.50000000e+00  0.00000000e+00 
 2.46026058e-05  7.49226140e-01 -4.54203335e-02  1.46091233e+00  0.00000000e+00 
 2.46078175e-05  7.49226121e-01 -4.54190405e-02  1.38273700e+00  0.00000000e+00 
 2.46182409e-05  7.49226082e-01 -4.54123225e-02  1.22638634e+00  0.00000000e+00 
 2.46320781e-05  7.49226030e-01 -4.49762279e-02  1.01882861e+00  0.00000000e+00 
 2.46365714e-05  7.49226013e-01 -4.44276124e-02  9.51429222e-01  0.00000000e+00 
 2.46432362e-05  7.49225988e-01 -4.30787560e-02  8.51456386e-01  0.00000000e+00 
 2.46516424e-05  3.67977028e-01 -4.04085281e-02  7.25364096e-01  0.00000000e+00 
 2.46684547e-05  3.69378547e-01 -3.19994421e-02  4.73179518e-01  0.00000000e+00 
 2.46775855e-05  3.70324521e-01 -2.63235491e-02  3.36216977e-01  0.00000000e+00 
 2.46900927e-05  3.70351969e-01 -2.61588585e-02  1.48609119e-01  0.00000000e+00 
 2.47000000e-05  3.69212313e-01 -3.29967893e-02  7.99360578e-15  0.00000000e+00 
 2.47013839e-05  3.69237104e-01 -3.28480882e-02  0.00000000e+00  0.00000000e+00 
 2.47041516e-05  3.69284398e-01 -3.25642829e-02  0.00000000e+00  0.00000000e+00 
 2.47090828e-05  3.69366221e-01 -3.20733600e-02  0.00000000e+00  0.00000000e+00 
 2.47189451e-05  3.69521194e-01 -3.11434988e-02  0.00000000e+00  0.00000000e+00 
 2.47386697e-05  3.69801676e-01 -2.94606511e-02  0.00000000e+00  0.00000000e+00 
 2.47500000e-05  3.69947070e-01 -2.85882780e-02  0.00000000e+00  0.00000000e+00 
 2.47539449e-05  3.69994564e-01 -2.83032856e-02  0.00000000e+00  5.91738148e-02 
 2.47618348e-05  3.70087018e-01 -2.77485627e-02  0.00000000e+00  1.77521444e-01 
 2.47776144e-05  3.70261165e-01 -2.67036562e-02  0.00000000e+00  4.14216704e-01 
 2.47826451e-05  3.70313758e-01 -2.63881142e-02  0.00000000e+00  4.89676072e-01 
 2.47914487e-05  3.70402666e-01 -2.58546503e-02  0.00000000e+00  6.21729966e-01 
 2.48011955e-05 -7.63421377e-06  5.15127478e-04  0.00000000e+00  7.67932491e-01 
 2.48116286e-05  2.90426512e-06  5.34504693e-04  0.00000000e+00  9.24428735e-01 
 2.48226476e-05  2.56066303e-07  5.41003644e-04  0.00000000e+00  1.08971414e+00 
 2.48386400e-05  2.86357825e-07  5.53525968e-04  0.00000000e+00  1.32960018e+00 
 2.48500000e-05  3.11758924e-07  5.61975634e-04  0.00000000e+00  1.50000000e+00 
 2.48531985e-05  3.18887786e-07  5.64277885e-04  0.00000000e+00  1.50000000e+00 
 2.48595954e-05  3.33046904e-07  5.68820799e-04  0.00000000e+00  1.50000000e+00 
 2.48723894e-05  3.61556906e-07  5.77624537e-04  0.00000000e+00  1.50000000e+00 
 2.48979772e-05  4.19511937e-07  5.94200211e-04  0.00000000e+00  1.50000000e+00 
 2.49491529e-05  5.37584754e-07  6.23880191e-04  0.00000000e+00  1.50000000e+00 
 2.50515043e-05  7.79677564e-07  6.73069515e-04  0.00000000e+00  1.50000000e+00 
 2.52562070e-05  1.27565297e-06  7.46382102e-04  0.00000000e+00  1.50000000e+00 
 2.56656125e-05  2.28484534e-06  8.42231148e-04  0.00000000e+00  1.50000000e+00 
 2.63922147e-05  4.09186705e-06  9.39041508e-04  0.00000000e+00  1.50000000e+00 
 2.68500000e-05  5.23394191e-06  9.71883372e-04  0.00000000e+00  1.50000000e+00 
 2.68600000e-05  5.25890509e-06  9.72359886e-04  0.00000000e+00  1.35000000e+00 
 2.68800000e-05  5.30884276e-06  9.73306468e-04  0.00000000e+00  1.05000000e+00 
 2.68845833e-05  5.32028699e-06  9.73522092e-04  0.00000000e+00  9.81250000e-01 
 2.68926042e-05  5.34031461e-06  9.73898140e-04  0.00000000e+00  8.60937500e-01 
 2.69014844e-05  3.74872683e-01  9.89864843e-04  0.00000000e+00  7.27734375e-01 
 2.69192448e-05  3.74879555e-01  1.03129200e-03  0.00000000e+00  4.61328125e-01 
 2.69500000e-05  3.74892451e-01  1.10881652e-03  0.00000000e+00  7.99360578e-15 
 2.69535521e-05  3.74894014e-01  1.11817485e-03  0.00000000e+00  0.00000000e+00 
 2.69606562e-05  3.74897124e-01  1.13684411e-03  0.00000000e+00  0.00000000e+00 
 2.69748646e-05  3.74903307e-01  1.17395652e-03  0.00000000e+00  0.00000000e+00 
 2.70000000e-05  3.74914122e-01  1.23885806e-03  5.08219768e-14  0.00000000e+00 
 2.70019161e-05  3.75287412e-01  3.47857319e-03  2.87409221e-02  0.00000000e+00 
 2.70057482e-05  3.76029420e-01  7.93063330e-03  8.62227662e-02  0.00000000e+00 
 2.70134124e-05  3.76347500e-01  9.83911891e-03  2.01186455e-01  0.00000000e+00 
 2.70198282e-05  3.71398740e-01 -1.98535180e-02  2.97422901e-01  0.00000000e+00 
 2.70244163e-05  3.70101512e-01 -2.76368181e-02  3.66245121e-01  0.00000000e+00 
 2.70293600e-05  3.69528726e-01 -3.10735285e-02  4.40400245e-01  0.00000000e+00 
 2.70363559e-05  3.68826033e-01 -3.52895961e-02  5.45338035e-01  0.00000000e+00 
 2.70421018e-05  3.68330930e-01 -3.82602998e-02  6.31526796e-01  0.00000000e+00 
 2.70513588e-05  7.49209274e-01 -4.20326318e-02  7.70381699e-01  0.00000000e+00 
 2.70650471e-05  7.49209228e-01 -4.52053775e-02  9.75705944e-01  0.00000000e+00 
 2.70845305e-05  7.49209159e-01 -4.59596428e-02  1.26795715e+00  0.00000000e+00 
 2.71000000e-05  7.49209101e-01 -4.59575082e-02  1.50000000e+00  0.00000000e+00 
 2.71008836e-05  7.49209098e-01 -4.59630722e-02  1.50000000e+00  0.00000000e+00 
 2.71026508e-05  7.49209091e-01 -4.59625802e-02  1.50000000e+00  0.00000000e+00 
 2.71061852e-05  7.49209078e-01 -4.59615646e-02  1.50000000e+00  0.00000000e+00 
 2.71132539e-05  7.49209052e-01 -4.59595441e-02  1.50000000e+00  0.00000000e+00 
 2.71273914e-05  7.49208999e-01 -4.59555030e-02  1.50000000e+00  0.00000000e+00 
 2.71556664e-05  7.49208893e-01 -4.59474208e-02  1.50000000e+00  0.00000000e+00 
 2.72122164e-05  7.49208682e-01 -4.59312567e-02  1.50000000e+00  0.00000000e+00 
 2.73253163e-05  7.49208258e-01 -4.58989295e-02  1.50000000e+00  0.00000000e+00 
 2.75515162e-05  7.49207411e-01 -4.58342794e-02  1.50000000e+00  0.00000000e+00 
 2.80039160e-05  7.49205720e-01 -4.57049959e-02  1.50000000e+00  0.00000000e+00 
 2.89039160e-05  7.49202356e-01 -4.54478666e-02  1.50000000e+00  0.00000000e+00 
 2.91000000e-05  7.49201621e-01 -4.53918572e-02  1.50000000e+00  0.00000000e+00 
 2.91026062e-05  7.49201611e-01 -4.53971632e-02  1.46090737e+00  0.00000000e+00 
 2.91078185e-05  7.49201591e-01 -4.53958701e-02  1.38272212e+00  0.00000000e+00 
 2.91182432e-05  7.49201552e-01 -4.53891478e-02  1.22635162e+00  0.00000000e+00 
 2.91320837e-05  7.49201501e-01 -4.49525382e-02  1.01874445e+00  0.00000000e+00 
 2.91365612e-05  7.49201484e-01 -4.44060058e-02  9.51582659e-01  0.00000000e+00 
 2.91432574e-05  7.49201459e-01 -4.30502156e-02  8.51138349e-01  0.00000000e+00 
 2.91516477e-05  3.67973058e-01 -4.03833175e-02  7.25284587e-01  0.00000000e+00 
 2.91684282e-05  3.69371566e-01 -3.19922590e-02  4.73577063e-01  0.00000000e+00 
 2.91775523e-05  3.70317046e-01 -2.63193711e-02  3.36714801e-01  0.00000000e+00 
 2.91900711e-05  3.70349221e-01 -2.61263222e-02  1.48933574e-01  0.00000000e+00 
 2.92000000e-05  3.69208906e-01 -3.29682085e-02  7.99360578e-15  0.00000000e+00 
 2.92013910e-05  3.69233810e-01 -3.28188263e-02  0.00000000e+00  0.00000000e+00 
 2.92041731e-05  3.69281325e-01 -3.25336957e-02  0.00000000e+00  0.00000000e+00 
 2.92091051e-05  3.69363119e-01 -3.20429510e-02  0.00000000e+00  0.00000000e+00 
 2.92189692e-05  3.69518038e-01 -3.11134087e-02  0.00000000e+00  0.00000000e+00 
 2.92386973e-05  3.69798425e-01 -2.94310863e-02  0.00000000e+00  0.00000000e+00 
 2.92500000e-05  3.69943411e-01 -2.85611662e-02  0.00000000e+00  5.08219768e-14 
 2.92539456e-05  3.69990907e-01 -2.82761991e-02  0.00000000e+00  5.91842355e-02 
 2.92618368e-05  3.70083352e-01 -2.77215239e-02  0.00000000e+00  1.77552707e-01 
 2.92776193e-05  3.70257487e-01 -2.66767024e-02  0.00000000e+00  4.14289649e-01 
 2.92826490e-05  3.70310056e-01 -2.63612960e-02  0.00000000e+00  4.89735340e-01 
 2.92914510e-05  3.70398927e-01 -2.58280538e-02  0.00000000e+00  6.21765299e-01 
 2.93011961e-05 -7.65014327e-06  5.39611842e-04  0.00000000e+00  7.67941325e-01 
 2.93116276e-05  2.88945508e-06  5.58987372e-04  0.00000000e+00  9.24414329e-01 
 2.93226450e-05  2.40944070e-07  5.65483380e-04  0.00000000e+00  1.08967509e+00 
 2.93386352e-05  2.71231241e-07  5.78002414e-04  0.00000000e+00  1.32952814e+00 
 2.93500000e-05  2.96643607e-07  5.86454611e-04  0.00000000e+00  1.50000000e+00 
 2.93531980e-05  3.03771759e-07  5.88756254e-04  0.00000000e+00  1.50000000e+00 
 2.93595941e-05  3.17929356e-07  5.93297984e-04  0.00000000e+00  1.50000000e+00 
 2.93723863e-05  3.46436195e-07  6.02099494e-04  0.00000000e+00  1.50000000e+00 
 2.93979706e-05  4.04384367e-07  6.18671193e-04  0.00000000e+00  1.50000000e+00 
 2.94491393e-05  5.22442360e-07  6.48344715e-04  0.00000000e+00  1.50000000e+00 
 2.95514766e-05  7.64502948e-07  6.97524922e-04  0.00000000e+00  1.50000000e+00 
 2.97561512e-05  1.26041008e-06  7.70826887e-04  0.00000000e+00  1.50000000e+00 
 3.01655004e-05  2.26946235e-06  8.66666385e-04  0.00000000e+00  1.50000000e+00 
 3.08921414e-05  4.07657969e-06  9.63487632e-04  0.00000000e+00  1.50000000e+00 
 3.13500000e-05  5.21883737e-06  9.96335772e-04  0.00000000e+00  1.50000000e+00 
 3.13600000e-05  5.24380055e-06  9.96812271e-04  0.00000000e+00  1.35000000e+00 
 3.13800000e-05  5.29373822e-06  9.97758823e-04  0.00000000e+00  1.05000000e+00 
 3.13845833e-05  5.30518246e-06  9.97974440e-04  0.00000000e+00  9.81250000e-01 
 3.13926042e-05  5.32521008e-06  9.98350476e-04  0.00000000e+00  8.60937500e-01 
 3.14014844e-05  3.74868587e-01  1.01431668e-03  0.00000000e+00  7.27734375e-01 
 3.14192448e-05  3.74875453e-01  1.05574255e-03  0.00000000e+00  4.61328125e-01 
 3.14500000e-05  3.74888355e-01  1.13326469e-03  0.00000000e+00  7.99360578e-15 
 3.14535521e-05  3.74889917e-01  1.14262274e-03  0.00000000e+00  0.00000000e+00 
 3.14606563e-05  3.74893014e-01  1.16129143e-03  0.00000000e+00  0.00000000e+00 
 3.14748646e-05  3.74899217e-01  1.19840271e-03  0.00000000e+00  0.00000000e+00 
 3.15000000e-05  3.74910025e-01  1.26330231e-03  0.00000000e+00  0.00000000e+00 
 3.15019161e-05  3.75283317e-01  3.50302169e-03  2.87409246e-02  0.00000000e+00 
 3.15057482e-05  3.76025326e-01  7.95508810e-03  8.62227738e-02  0.00000000e+00 
 3.15134124e-05  3.76343402e-01  9.86347309e-03  2.01186472e-01  0.00000000e+00 
 3.15198281e-05  3.71394507e-01 -1.98298165e-02  2.97421369e-01  0.00000000e+00 
 3.15244161e-05  3.70097237e-01 -2.76134366e-02  3.66242211e-01  0.00000000e+00 
 3.15293597e-05  3.69524455e-01 -3.10501269e-02  4.40396056e-01  0.00000000e+00 
 3.15363556e-05  3.68821755e-01 -3.52662372e-02  5.45334062e-01  0.00000000e+00 
 3.15421026e-05  3.68326565e-01 -3.82374621e-02  6.31538358e-01  0.00000000e+00 
 3.15513590e-05  7.49184746e-01 -4.20095007e-02  7.70384589e-01  0.00000000e+00 
 3.15650477e-05  7.49184700e-01 -4.51822743e-02  9.75715781e-01  0.00000000e+00 
 3.15845311e-05  7.49184630e-01 -4.59364564e-02  1.26796646e+00  0.00000000e+00 
 3.16000000e-05  7.49184573e-01 -4.59343216e-02  1.50000000e+00  0.00000000e+00 
 3.16008836e-05  7.49184570e-01 -4.59398856e-02  1.50000000e+00  0.00000000e+00 
 3.16026507e-05  7.49184563e-01 -4.59393937e-02  1.50000000e+00  0.00000000e+00 
 3.16061850e-05  7.49184550e-01 -4.59383782e-02  1.50000000e+00  0.00000000e+00 
 3.16132535e-05  7.49184523e-01 -4.59363578e-02  1.50000000e+00  0.00000000e+00 
 3.16273906e-05  7.49184470e-01 -4.59323169e-02  1.50000000e+00  0.00000000e+00 
 3.16556648e-05  7.49184365e-01 -4.59242352e-02  1.50000000e+00  0.00000000e+00 
 3.17122131e-05  7.49184153e-01 -4.59080721e-02  1.50000000e+00  0.00000000e+00 
 3.18253098e-05  7.49183730e-01 -4.58757468e-02  1.50000000e+00  0.00000000e+00 
 3.20515032e-05  7.49182883e-01 -4.58111006e-02  1.50000000e+00  0.00000000e+00 
 3.25038899e-05  7.49181191e-01 -4.56818248e-02  1.50000000e+00  0.00000000e+00 
 3.34038899e-05  7.49177825e-01 -4.54247036e-02  1.50000000e+00  0.00000000e+00 
 3.36000000e-05  7.49177091e-01 -4.53686885e-02  1.50000000e+00  0.00000000e+00 
 3.36026065e-05  7.49177081e-01 -4.53739945e-02  1.46090243e+00  0.00000000e+00 
 3.36078195e-05  7.49177062e-01 -4.53727013e-02  1.38270729e+00  0.00000000e+00 
 3.36182455e-05  7.49177023e-01 -4.53659746e-02  1.22631701e+00  0.00000000e+00 
 3.36320893e-05  7.49176971e-01 -4.49288514e-02  1.01866057e+00  0.00000000e+00 
 3.36365509e-05  7.49176954e-01 -4.43843999e-02  9.51736152e-01  0.00000000e+00 
 3.36432786e-05  7.49176929e-01 -4.30216758e-02  8.50820671e-01  0.00000000e+00 
 3.36516530e-05  3.67969088e-01 -4.03581103e-02  7.25205168e-01  0.00000000e+00 
 3.36684017e-05  3.69364596e-01 -3.19850526e-02  4.73974162e-01  0.00000000e+00 
 3.36775192e-05  3.70309569e-01 -2.63152087e-02  3.37211892e-01  0.00000000e+00 
 3.36900496e-05  3.70346459e-01 -2.60938665e-02  1.49256241e-01  0.00000000e+00 
 3.37000000e-05  3.69205501e-01 -3.29396097e-02  7.99360578e-15  0.00000000e+00 
 3.37015486e-05  3.69233084e-01 -3.27741445e-02  0.00000000e+00  0.00000000e+00 
 3.37046458e-05  3.69285814e-01 -3.24577453e-02  0.00000000e+00  0.00000000e+00 
 3.37094385e-05  3.69365010e-01 -3.19825752e-02  0.00000000e+00  0.00000000e+00 
 3.37190239e-05  3.69515265e-01 -3.10810206e-02  0.00000000e+00  0.00000000e+00 
 3.37381947e-05  3.69787959e-01 -2.94448557e-02  0.00000000e+00  0.00000000e+00 
 3.37500000e-05  3.69939609e-01 -2.85349478e-02  0.00000000e+00  0.00000000e+00 
 3.37538342e-05  3.69985785e-01 -2.82579020e-02  0.00000000e+00  5.75123926e-02 
 3.37615025e-05  3.70075742e-01 -2.77182454e-02  0.00000000e+00  1.72537178e-01 
 3.37768391e-05  3.70245405e-01 -2.67001680e-02  0.00000000e+00  4.02586748e-01 
 3.37820151e-05  3.70299689e-01 -2.63744735e-02  0.00000000e+00  4.80226733e-01 
 3.37910731e-05  3.70391362e-01 -2.58244218e-02  0.00000000e+00  6.16096706e-01 
 3.38011016e-05 -7.44744440e-06  5.64206015e-04  0.00000000e+00  7.66524177e-01 
 3.38118344e-05  2.80162020e-06  5.83556619e-04  0.00000000e+00  9.27516380e-01 
 3.38231701e-05  2.27202185e-07  5.90374124e-04  0.00000000e+00  1.09755183e+00 
 3.38396184e-05  2.58696457e-07  6.03214999e-04  0.00000000e+00  1.34427578e+00 
 3.38500000e-05  2.81970816e-07  6.10921523e-04  0.00000000e+00  1.50000000e+00 
 3.38532897e-05  2.89289073e-07  6.13288165e-04  0.00000000e+00  1.50000000e+00 
 3.38598690e-05  3.03854429e-07  6.17956424e-04  0.00000000e+00  1.50000000e+00 
 3.38730276e-05  3.33187465e-07  6.26995328e-04  0.00000000e+00  1.50000000e+00 
 3.38993448e-05  3.92834784e-07  6.43987853e-04  0.00000000e+00  1.50000000e+00 
 3.39519792e-05  5.14385209e-07  6.74336629e-04  0.00000000e+00  1.50000000e+00 
 3.40572481e-05  7.63635325e-07  7.24445563e-04  0.00000000e+00  1.50000000e+00 
 3.42677859e-05  1.27418469e-06  7.98765363e-04  0.00000000e+00  1.50000000e+00 
 3.46888614e-05  2.31267894e-06  8.95367652e-04  0.00000000e+00  1.50000000e+00 
 3.54210684e-05  4.13401250e-06  9.90576786e-04  0.00000000e+00  1.50000000e+00 
 3.58500000e-05  5.20416558e-06  1.02066882e-03  0.00000000e+00  1.50000000e+00 
 3.58600000e-05  5.22912924e-06  1.02114604e-03  0.00000000e+00  1.35000000e+00 
 3.58800000e-05  5.27906678e-06  1.02209403e-03  0.00000000e+00  1.05000000e+00 
 3.58845833e-05  5.29051099e-06  1.02230997e-03  0.00000000e+00  9.81250000e-01 
 3.58926042e-05  5.31053856e-06  1.02268657e-03  0.00000000e+00  8.60937500e-01 
 3.59014844e-05  3.74864510e-01  1.03867778e-03  0.00000000e+00  7.27734375e-01 
 3.59192448e-05  3.74871387e-01  1.08016836e-03  0.00000000e+00  4.61328125e-01 
 3.59500000e-05  3.74884310e-01  1.15781103e-03  0.00000000e+00  7.99360578e-15 
 3.59535521e-05  3.74885874e-01  1.16718358e-03  0.00000000e+00  0.00000000e+00 
 3.59606563e-05  3.74888976e-01  1.18588117e-03  0.00000000e+00  0.00000000e+00 
 3.59748646e-05  3.74895188e-01  1.22304979e-03  0.00000000e+00  0.00000000e+00 
 3.60000000e-05  3.74906013e-01  1.28804927e-03  0.00000000e+00  0.00000000e+00 
 3.60019161e-05  3.75279303e-01  3.52777539e-03  2.87409052e-02  0.00000000e+00 
 3.60057482e-05  3.76021318e-01  7.97986223e-03  8.62227156e-02  0.00000000e+00 
 3.60134124e-05  3.76339459e-01  9.88871466e-03  2.01186336e-01  0.00000000e+00 
 3.60198285e-05  3.71390996e-01 -1.98020532e-02  2.97428095e-01  0.00000000e+00 
 3.60244170e-05  3.70093946e-01 -2.75843655e-02  3.66255045e-01  0.00000000e+00 
 3.60293610e-05  3.69521140e-01 -3.10211901e-02  4.40414550e-01  0.00000000e+00 
 3.60363568e-05  3.68818476e-01 -3.52371702e-02  5.45351694e-01  0.00000000e+00 
 3.60420992e-05  3.68323650e-01 -3.82061316e-02  6.31487396e-01  0.00000000e+00 
 3.60513581e-05  7.49160307e-01 -4.19795128e-02  7.70371849e-01  0.00000000e+00 
 3.60650448e-05  7.49160261e-01 -4.51522055e-02  9.75672469e-01  0.00000000e+00 
 3.60845284e-05  7.49160191e-01 -4.59067652e-02  1.26792551e+00  0.00000000e+00 
 3.61000000e-05  7.49160134e-01 -4.59046318e-02  1.50000000e+00  0.00000000e+00 
 3.61008837e-05  7.49160131e-01 -4.59101957e-02  1.50000000e+00  0.00000000e+00 
 3.61026510e-05  7.49160124e-01 -4.59097038e-02  1.50000000e+00  0.00000000e+00 
 3.61061858e-05  7.49160111e-01 -4.59086882e-02  1.50000000e+00  0.00000000e+00 
 3.61132552e-05  7.49160085e-01 -4.59066676e-02  1.50000000e+00  0.00000000e+00 
 3.61273941e-05  7.49160032e-01 -4.59026263e-02  1.50000000e+00  0.00000000e+00 
 3.61556718e-05  7.49159926e-01 -4.58945439e-02  1.50000000e+00  0.00000000e+00 
 3.62122274e-05  7.49159714e-01 -4.58783794e-02  1.50000000e+00  0.00000000e+00 
 3.63253384e-05  7.49159291e-01 -4.58460513e-02  1.50000000e+00  0.00000000e+00 
 3.65515605e-05  7.49158445e-01 -4.57813994e-02  1.50000000e+00  0.00000000e+00 
 3.70040046e-05  7.49156755e-01 -4.56521123e-02  1.50000000e+00  0.00000000e+00 
 3.79040046e-05  7.49153389e-01 -4.53950013e-02  1.50000000e+00  0.00000000e+00 
 3.81000000e-05  7.49152655e-01 -4.53390212e-02  1.50000000e+00  0.00000000e+00 
 3.81026051e-05  7.49152645e-01 -4.53443276e-02  1.46092418e+00  0.00000000e+00 
 3.81078152e-05  7.49152626e-01 -4.53430352e-02  1.38277254e+00  0.00000000e+00 
 3.81182354e-05  7.49152587e-01 -4.53363280e-02  1.22646926e+00  0.00000000e+00 
 3.81320647e-05  7.49152535e-01 -4.49014579e-02  1.01902979e+00  0.00000000e+00 
 3.81365957e-05  7.49152518e-01 -4.43478753e-02  9.51064775e-01  0.00000000e+00 
 3.81431858e-05  7.49152493e-01 -4.30154819e-02  8.52213710e-01  0.00000000e+00 
 3.81516298e-05  3.67964419e-01 -4.03373168e-02  7.25553428e-01  0.00000000e+00 
 3.81685178e-05  3.69373107e-01 -3.18851692e-02  4.72232862e-01  0.00000000e+00 
 3.81776646e-05  3.70320264e-01 -2.62022196e-02  3.35030802e-01  0.00000000e+00 
 3.81901446e-05  3.70336446e-01 -2.61051281e-02  1.47830753e-01  0.00000000e+00 
 3.82000000e-05  3.69198455e-01 -3.29331494e-02  7.99360578e-15  0.00000000e+00 
 3.82013668e-05  3.69222962e-01 -3.27860462e-02  0.00000000e+00  0.00000000e+00 
 3.82041004e-05  3.69269743e-01 -3.25053505e-02  0.00000000e+00  0.00000000e+00 
 3.82090294e-05  3.69351653e-01 -3.20138987e-02  0.00000000e+00  0.00000000e+00 
 3.82188876e-05  3.69506784e-01 -3.10830855e-02  0.00000000e+00  0.00000000e+00 
 3.82386040e-05  3.69787523e-01 -2.93986566e-02  0.00000000e+00  0.00000000e+00 
 3.82500000e-05  3.69933913e-01 -2.85202653e-02  0.00000000e+00  0.00000000e+00 
 3.82539433e-05  3.69981440e-01 -2.82351621e-02  0.00000000e+00  5.91490453e-02 
 3.82618298e-05  3.70073927e-01 -2.76802279e-02  0.00000000e+00  1.77447136e-01 
 3.82776029e-05  3.70248146e-01 -2.66349396e-02  0.00000000e+00  4.14043317e-01 
 3.82826357e-05  3.70300795e-01 -2.63190217e-02  0.00000000e+00  4.89535195e-01 
 3.82914431e-05  3.70389805e-01 -2.57849419e-02  0.00000000e+00  6.21645982e-01 
 3.83011941e-05 -7.67709858e-06  5.88322991e-04  0.00000000e+00  7.67911495e-01 
 3.83116311e-05  2.85811715e-06  6.07707272e-04  0.00000000e+00  9.24467146e-01 
 3.83226544e-05  2.10780573e-07  6.14217065e-04  0.00000000e+00  1.08981548e+00 
 3.83386525e-05  2.41079740e-07  6.26752246e-04  0.00000000e+00  1.32978761e+00 
 3.83500000e-05  2.66449361e-07  6.35198103e-04  0.00000000e+00  1.50000000e+00 
 3.83531996e-05  2.73579551e-07  6.37502677e-04  0.00000000e+00  1.50000000e+00 
 3.83595989e-05  2.87741504e-07  6.42050115e-04  0.00000000e+00  1.50000000e+00 
 3.83723974e-05  3.16257658e-07  6.50862367e-04  0.00000000e+00  1.50000000e+00 
 3.83979944e-05  3.74227207e-07  6.67453218e-04  0.00000000e+00  1.50000000e+00 
 3.84491885e-05  4.92333679e-07  6.97157832e-04  0.00000000e+00  1.50000000e+00 
 3.85515766e-05  7.34504684e-07  7.46381871e-04  0.00000000e+00  1.50000000e+00 
 3.87563528e-05  1.23065318e-06  8.19734792e-04  0.00000000e+00  1.50000000e+00 
 3.91659052e-05  2.24020821e-06  9.15620062e-04  0.00000000e+00  1.50000000e+00 
 3.98922429e-05  4.04657330e-06  1.01238951e-03  0.00000000e+00  1.50000000e+00 
 4.03500000e-05  5.18857774e-06  1.04523012e-03  0.00000000e+00  1.50000000e+00 
 4.03600000e-05  5.21354092e-06  1.04570665e-03  0.00000000e+00  1.35000000e+00 
 4.03800000e-05  5.26347859e-06  1.04665325e-03  0.00000000e+00  1.05000000e+00 
 4.03845833e-05  5.27492282e-06  1.04686888e-03  0.00000000e+00  9.81250000e-01 
 4.03926042e-05  5.29495044e-06  1.04724493e-03  0.00000000e+00  8.60937500e-01 
 4.04014844e-05  3.74860397e-01  1.06321204e-03  0.00000000e+00  7.27734375e-01 
 4.04192448e-05  3.74867263e-01  1.10464026e-03  0.00000000e+00  4.61328125e-01 
 4.04500000e-05  3.74880167e-01  1.18216681e-03  0.00000000e+00  7.99360578e-15 
 4.04535521e-05  3.74881729e-01  1.19152539e-03  0.00000000e+00  0.00000000e+00 
 4.04606563e-05  3.74884826e-01  1.21019514e-03  0.00000000e+00  0.00000000e+00 
 4.04748646e-05  3.74891029e-01  1.24730854e-03  0.00000000e+00  0.00000000e+00 
 4.05000000e-05  3.74901838e-01  1.31221184e-03  0.00000000e+00  0.00000000e+00 
 4.05019161e-05  3.75275130e-01  3.55193990e-03  2.87409281e-02  0.00000000e+00 
 4.05057482e-05  3.76017169e-01  8.00401994e-03  8.62227842e-02  0.00000000e+00 
 4.05134124e-05  3.76335164e-01  9.91224592e-03  2.01186496e-01  0.00000000e+00 
 4.05198279e-05  3.71386119e-01 -1.97821132e-02  2.97418921e-01  0.00000000e+00 
 4.05244158e-05  3.70088764e-01 -2.75662524e-02  3.66237560e-01  0.00000000e+00 
 4.05293593e-05  3.69515986e-01 -3.10029139e-02  4.40389364e-01  0.00000000e+00 
 4.05363552e-05  3.68813273e-01 -3.52190966e-02  5.45327722e-01  0.00000000e+00 
 4.05421038e-05  3.68317943e-01 -3.81911569e-02  6.31556830e-01  0.00000000e+00 
 4.05513593e-05  7.49135697e-01 -4.19627304e-02  7.70389207e-01  0.00000000e+00 
 4.05650488e-05  7.49135651e-01 -4.51355518e-02  9.75731501e-01  0.00000000e+00 
 4.05845321e-05  7.49135581e-01 -4.58896016e-02  1.26798133e+00  0.00000000e+00 
 4.06000000e-05  7.49135524e-01 -4.58874666e-02  1.50000000e+00  0.00000000e+00 
 4.06008835e-05  7.49135521e-01 -4.58930307e-02  1.50000000e+00  0.00000000e+00 
 4.06026506e-05  7.49135514e-01 -4.58925389e-02  1.50000000e+00  0.00000000e+00 
 4.06061847e-05  7.49135501e-01 -4.58915235e-02  1.50000000e+00  0.00000000e+00 
 4.06132529e-05  7.49135475e-01 -4.58895033e-02  1.50000000e+00  0.00000000e+00 
 4.06273893e-05  7.49135422e-01 -4.58854628e-02  1.50000000e+00  0.00000000e+00 
 4.06556622e-05  7.49135316e-01 -4.58773820e-02  1.50000000e+00  0.00000000e+00 
 4.07122079e-05  7.49135104e-01 -4.58612206e-02  1.50000000e+00  0.00000000e+00 
 4.08252994e-05  7.49134681e-01 -4.58288989e-02  1.50000000e+00  0.00000000e+00 
 4.10514824e-05  7.49133835e-01 -4.57642597e-02  1.50000000e+00  0.00000000e+00 
 4.15038483e-05  7.49132142e-01 -4.56349979e-02  1.50000000e+00  0.00000000e+00 
 4.24038483e-05  7.49128776e-01 -4.53778926e-02  1.50000000e+00  0.00000000e+00 
 4.26000000e-05  7.49128042e-01 -4.53218692e-02  1.50000000e+00  0.00000000e+00 
 4.26026070e-05  7.49128032e-01 -4.53271751e-02  1.46089453e+00  0.00000000e+00 
 4.26078211e-05  7.49128013e-01 -4.53258817e-02  1.38268358e+00  0.00000000e+00 
 4.26182492e-05  7.49127974e-01 -4.53191482e-02  1.22626169e+00  0.00000000e+00 
 4.26320982e-05  7.49127922e-01 -4.48812031e-02  1.01852657e+00  0.00000000e+00 
 4.26365345e-05  7.49127905e-01 -4.43400856e-02  9.51982588e-01  0.00000000e+00 
 4.26433126e-05  7.49127880e-01 -4.29662332e-02  8.50311616e-01  0.00000000e+00 
 4.26516615e-05  3.67961084e-01 -4.03080190e-02  7.25077904e-01  0.00000000e+00 
 4.26683593e-05  3.69351808e-01 -3.19637851e-02  4.74610480e-01  0.00000000e+00 
 4.26774661e-05  3.70295948e-01 -2.62988999e-02  3.38008078e-01  0.00000000e+00 
 4.26900153e-05  3.70340383e-01 -2.60322861e-02  1.49770331e-01  0.00000000e+00 
 4.27000000e-05  3.69198429e-01 -3.28840078e-02  7.99360578e-15  0.00000000e+00 
 4.27015391e-05  3.69225778e-01 -3.27196072e-02  0.00000000e+00  0.00000000e+00 
 4.27046174e-05  3.69278218e-01 -3.24052733e-02  0.00000000e+00  0.00000000e+00 
 4.27094306e-05  3.69357720e-01 -3.19282726e-02  0.00000000e+00  0.00000000e+00 
 4.27190571e-05  3.69508539e-01 -3.10234208e-02  0.00000000e+00  0.00000000e+00 
 4.27383099e-05  3.69782128e-01 -2.93818044e-02  0.00000000e+00  0.00000000e+00 
 4.27500000e-05  3.69932172e-01 -2.84815384e-02  0.00000000e+00  0.00000000e+00 
 4.27538506e-05  3.69978522e-01 -2.82034495e-02  0.00000000e+00  5.77586152e-02 
 4.27615517e-05  3.70068807e-01 -2.76618138e-02  0.00000000e+00  1.73275846e-01 
 4.27769540e-05  3.70239052e-01 -2.66402075e-02  0.00000000e+00  4.04310307e-01 
 4.27821085e-05  3.70293082e-01 -2.63161583e-02  0.00000000e+00  4.81627124e-01 
 4.27911288e-05  3.70384294e-01 -2.57687919e-02  0.00000000e+00  6.16931555e-01 
 4.28011155e-05 -7.50805743e-06  6.13140462e-04  0.00000000e+00  7.66732889e-01 
 4.28118046e-05  2.78143633e-06  6.32490621e-04  0.00000000e+00  9.27068849e-01 
 4.28230941e-05  1.96656189e-07  6.39259702e-04  0.00000000e+00  1.09641078e+00 
 4.28394761e-05  2.27979280e-07  6.52051403e-04  0.00000000e+00  1.34214153e+00 
 4.28500000e-05  2.51564294e-07  6.59864060e-04  0.00000000e+00  1.50000000e+00 
 4.28532764e-05  2.58855323e-07  6.62220839e-04  0.00000000e+00  1.50000000e+00 
 4.28598292e-05  2.73362418e-07  6.66869902e-04  0.00000000e+00  1.50000000e+00 
 4.28729349e-05  3.02577265e-07  6.75872809e-04  0.00000000e+00  1.50000000e+00 
 4.28991461e-05  3.61980895e-07  6.92801571e-04  0.00000000e+00  1.50000000e+00 
 4.29515687e-05  4.83029248e-07  7.23048140e-04  0.00000000e+00  1.50000000e+00 
 4.30564138e-05  7.31243207e-07  7.73016604e-04  0.00000000e+00  1.50000000e+00 
 4.32661041e-05  1.23967871e-06  8.47182211e-04  0.00000000e+00  1.50000000e+00 
 4.36854845e-05  2.27391895e-06  9.43667496e-04  0.00000000e+00  1.50000000e+00 
 4.44169852e-05  4.09344405e-06  1.03911050e-03  0.00000000e+00  1.50000000e+00 
 4.48500000e-05  5.17377582e-06  1.06958411e-03  0.00000000e+00  1.50000000e+00 
 4.48600000e-05  5.19873942e-06  1.07006122e-03  0.00000000e+00  1.35000000e+00 
 4.48800000e-05  5.24867698e-06  1.07100899e-03  0.00000000e+00  1.05000000e+00 
 4.48845833e-05  5.26012119e-06  1.07122489e-03  0.00000000e+00  9.81250000e-01 
 4.48926042e-05  5.28014877e-06  1.07160141e-03  0.00000000e+00  8.60937500e-01 
 4.49014844e-05  3.74856317e-01  1.08758898e-03  0.00000000e+00  7.27734375e-01 
 4.49192448e-05  3.74863192e-01  1.12907017e-03  0.00000000e+00  4.61328125e-01 
 4.49500000e-05  3.74876112e-01  1.20669536e-03  0.00000000e+00  7.99360578e-15 
 4.49535521e-05  3.74877676e-01  1.21606581e-03  0.00000000e+00  0.00000000e+00 
 4.49606563e-05  3.74880777e-01  1.23475922e-03  0.00000000e+00  0.00000000e+00 
 4.49748646e-05  3.74886988e-01  1.27191955e-03  0.00000000e+00  0.00000000e+00 
 4.50000000e-05  3.74897811e-01  1.33690461e-03  0.00000000e+00  0.00000000e+00 
