 time            vcmp            p1              p2             
 0.00000000e+00  1.49999961e+00  0.00000000e+00  0.00000000e+00 
 1.00000000e-09  1.50000243e+00  1.50000000e-02  0.00000000e+00 
 2.00000000e-09  1.50000246e+00  3.00000000e-02  0.00000000e+00 
 4.00000000e-09  1.50000248e+00  6.00000000e-02  0.00000000e+00 
 8.00000000e-09  1.50000253e+00  1.20000000e-01  0.00000000e+00 
 1.30261883e-08  1.50000259e+00  1.95392825e-01  0.00000000e+00 
 1.73627343e-08  1.50000266e+00  2.60441015e-01  0.00000000e+00 
 2.21198583e-08  1.50000274e+00  3.31797874e-01  0.00000000e+00 
 2.54659567e-08  1.50000280e+00  3.81989350e-01  0.00000000e+00 
 2.91567797e-08  1.50000287e+00  4.37351695e-01  0.00000000e+00 
 3.31813816e-08  1.50000295e+00  4.97720724e-01  0.00000000e+00 
 4.12305854e-08  1.50000313e+00  6.18458781e-01  0.00000000e+00 
 4.25277665e-08  1.50000316e+00  6.37916498e-01  0.00000000e+00 
 4.51221289e-08  1.50000322e+00  6.76831933e-01  0.00000000e+00 
 4.57313342e-08  1.50000323e+00  6.85970013e-01  0.00000000e+00 
 4.69497449e-08  1.50000326e+00  7.04246174e-01  0.00000000e+00 
 4.93865663e-08  1.50000331e+00  7.40798495e-01  0.00000000e+00 
 4.98715767e-08  1.50000332e+00  7.48073650e-01  0.00000000e+00 
 4.99615139e-08  1.50000332e+00  7.49422709e-01  0.00000000e+00 
 4.99942129e-08  1.50000332e+00  7.49913194e-01  0.00000000e+00 
 4.99988882e-08  1.50000332e+00  7.49983323e-01  0.00000000e+00 
 4.99999061e-08  1.50000332e+00  7.49998592e-01  0.00000000e+00 
 5.00000954e-08  1.50284467e+00  7.50001430e-01  0.00000000e+00 
 5.00001401e-08  1.50306450e+00  7.50002102e-01  0.00000000e+00 
 5.00001667e-08  1.50314028e+00  7.50002501e-01  0.00000000e+00 
 5.00002048e-08  1.50320753e+00  7.50003072e-01  0.00000000e+00 
 5.00002212e-08  1.50322444e+00  7.50003318e-01  0.00000000e+00 
 5.00002415e-08  1.50323837e+00  7.50003622e-01  0.00000000e+00 
 5.00002678e-08  1.50324804e+00  7.50004017e-01  0.00000000e+00 
 5.00002927e-08  1.50325032e+00  7.50004391e-01  0.00000000e+00 
 5.00003257e-08  1.50324547e+00  7.50004886e-01  0.00000000e+00 
 5.00003588e-08  1.50323345e+00  7.50005383e-01  0.00000000e+00 
 5.00004023e-08  1.50320928e+00  7.50006035e-01  0.00000000e+00 
 5.00004499e-08  1.50317448e+00  7.50006749e-01  0.00000000e+00 
 5.00005145e-08  1.50311755e+00  7.50007718e-01  0.00000000e+00 
 5.00005937e-08  1.50303777e+00  7.50008906e-01  0.00000000e+00 
 5.00007122e-08  1.50290810e+00  7.50010683e-01  0.00000000e+00 
 5.00008904e-08  1.50270683e+00  7.50013356e-01  0.00000000e+00 
 5.00012468e-08  1.50232289e+00  7.50018702e-01  0.00000000e+00 
 5.00019596e-08  1.50167896e+00  7.50029393e-01  0.00000000e+00 
 5.00032703e-08  1.50084872e+00  7.50049054e-01  0.00000000e+00 
 5.00058917e-08  1.49997221e+00  7.50088376e-01  0.00000000e+00 
 5.00111346e-08  1.49945763e+00  7.50167019e-01  0.00000000e+00 
 5.00190505e-08  1.49953352e+00  7.50285757e-01  0.00000000e+00 
 5.00286998e-08  1.49978625e+00  7.50430496e-01  0.00000000e+00 
 5.00432186e-08  1.49997910e+00  7.50648279e-01  0.00000000e+00 
 5.00656735e-08  1.50003866e+00  7.50985103e-01  0.00000000e+00 
 5.01105834e-08  1.50002208e+00  7.51658751e-01  0.00000000e+00 
 5.02004032e-08  1.50000311e+00  7.53006047e-01  0.00000000e+00 
 5.03800426e-08  1.50000201e+00  7.55700640e-01  0.00000000e+00 
 5.06660705e-08  1.50000328e+00  7.59991058e-01  0.00000000e+00 
 5.10698016e-08  1.50000335e+00  7.66047024e-01  0.00000000e+00 
 5.18062632e-08  1.50000333e+00  7.77093948e-01  0.00000000e+00 
 5.30796800e-08  1.50000337e+00  7.96195201e-01  0.00000000e+00 
 5.49843622e-08  1.50000340e+00  8.24765432e-01  0.00000000e+00 
 5.83448884e-08  1.50000343e+00  8.75173327e-01  0.00000000e+00 
 6.48625632e-08  1.50000340e+00  9.72938449e-01  0.00000000e+00 
 7.53156022e-08  1.50000261e+00  1.12973403e+00  0.00000000e+00 
 8.78722577e-08  1.50000111e+00  1.31808387e+00  0.00000000e+00 
 1.00000000e-07  1.50000144e+00  1.50000000e+00  0.00000000e+00 
 1.00907932e-07  1.49999955e+00  1.50000000e+00  0.00000000e+00 
 1.02723797e-07  1.49999952e+00  1.50000000e+00  0.00000000e+00 
 1.06355527e-07  1.49999953e+00  1.50000000e+00  0.00000000e+00 
 1.13618987e-07  1.49999953e+00  1.50000000e+00  0.00000000e+00 
 1.28145907e-07  1.49999953e+00  1.50000000e+00  0.00000000e+00 
 1.57199746e-07  1.49999953e+00  1.50000000e+00  0.00000000e+00 
 2.05916985e-07  1.49999953e+00  1.50000000e+00  0.00000000e+00 
 2.64812964e-07  1.49999953e+00  1.50000000e+00  0.00000000e+00 
 3.59319397e-07  1.49999953e+00  1.50000000e+00  0.00000000e+00 
 5.06481471e-07  1.49999953e+00  1.50000000e+00  0.00000000e+00 
 8.00805619e-07  1.49999953e+00  1.50000000e+00  0.00000000e+00 
 1.38945392e-06  1.49999953e+00  1.50000000e+00  0.00000000e+00 
 2.10000000e-06  1.49999953e+00  1.50000000e+00  0.00000000e+00 
 2.11000000e-06  1.49999752e+00  1.35000000e+00  0.00000000e+00 
 2.13000000e-06  1.49999681e+00  1.05000000e+00  0.00000000e+00 
 2.13458333e-06  1.49999567e+00  9.81250000e-01  0.00000000e+00 
 2.14260417e-06  1.49999555e+00  8.60937500e-01  0.00000000e+00 
 2.15148437e-06  1.49999577e+00  7.27734375e-01  0.00000000e+00 
 2.16924479e-06  1.49999624e+00  4.61328125e-01  0.00000000e+00 
 2.17858995e-06  1.49999646e+00  3.21150770e-01  0.00000000e+00 
 2.19079158e-06  1.49999667e+00  1.38126333e-01  0.00000000e+00 
 2.20000000e-06  1.49999678e+00  0.00000000e+00  0.00000000e+00 
 2.20100034e-06  1.49999959e+00  0.00000000e+00  0.00000000e+00 
 2.20300102e-06  1.49999962e+00  0.00000000e+00  0.00000000e+00 
 2.20700237e-06  1.49999961e+00  0.00000000e+00  0.00000000e+00 
 2.21500509e-06  1.49999961e+00  0.00000000e+00  0.00000000e+00 
 2.23101052e-06  1.49999961e+00  0.00000000e+00  0.00000000e+00 
 2.25000000e-06  1.49999961e+00  0.00000000e+00  0.00000000e+00 
 2.25291413e-06  1.49999961e+00  0.00000000e+00  4.37119723e-02 
 2.25874239e-06  1.49999961e+00  0.00000000e+00  1.31135917e-01 
 2.27039892e-06  1.49999961e+00  0.00000000e+00  3.05983806e-01 
 2.27844827e-06  1.49999961e+00  0.00000000e+00  4.26724118e-01 
 2.28587137e-06  1.49999961e+00  0.00000000e+00  5.38070562e-01 
 2.28935382e-06  1.49999961e+00  0.00000000e+00  5.90307332e-01 
 2.29544811e-06  1.49999961e+00  0.00000000e+00  6.81721679e-01 
 2.29645204e-06  1.49999961e+00  0.00000000e+00  6.96780566e-01 
 2.29845989e-06  1.49999961e+00  0.00000000e+00  7.26898342e-01 
 2.29893139e-06  1.49999961e+00  0.00000000e+00  7.33970859e-01 
 2.29987439e-06  1.49999961e+00  0.00000000e+00  7.48115893e-01 
 2.29996425e-06  1.49999961e+00  0.00000000e+00  7.49463793e-01 
 2.29999521e-06  1.49999961e+00  0.00000000e+00  7.49928197e-01 
 2.30000395e-06  1.51630358e+00  0.00000000e+00  7.50059277e-01 
 2.30000905e-06  1.50991723e+00  0.00000000e+00  7.50135754e-01 
 2.30001429e-06  1.50519643e+00  0.00000000e+00  7.50214410e-01 
 2.30001986e-06  1.50215466e+00  0.00000000e+00  7.50297918e-01 
 2.30003100e-06  1.49920390e+00  0.00000000e+00  7.50464934e-01 
 2.30005326e-06  1.49778115e+00  0.00000000e+00  7.50798965e-01 
 2.30009471e-06  1.49816031e+00  0.00000000e+00  7.51420615e-01 
 2.30014690e-06  1.49892437e+00  0.00000000e+00  7.52203552e-01 
 2.30022427e-06  1.49954429e+00  0.00000000e+00  7.53364121e-01 
 2.30028097e-06  1.49977829e+00  0.00000000e+00  7.54214552e-01 
 2.30034531e-06  1.49991541e+00  0.00000000e+00  7.55179604e-01 
 2.30040428e-06  1.49997065e+00  0.00000000e+00  7.56064163e-01 
 2.30048016e-06  1.49999730e+00  0.00000000e+00  7.57202393e-01 
 2.30056635e-06  1.50000432e+00  0.00000000e+00  7.58495243e-01 
 2.30069289e-06  1.50000388e+00  0.00000000e+00  7.60393374e-01 
 2.30086741e-06  1.50000126e+00  0.00000000e+00  7.63011178e-01 
 2.30118549e-06  1.49999945e+00  0.00000000e+00  7.67782284e-01 
 2.30182042e-06  1.49999927e+00  0.00000000e+00  7.77306248e-01 
 2.30263881e-06  1.49999955e+00  0.00000000e+00  7.89582082e-01 
 2.30372007e-06  1.49999963e+00  0.00000000e+00  8.05801114e-01 
 2.30509648e-06  1.49999962e+00  0.00000000e+00  8.26447201e-01 
 2.30719003e-06  1.49999960e+00  0.00000000e+00  8.57850468e-01 
 2.31060655e-06  1.49999959e+00  0.00000000e+00  9.09098185e-01 
 2.31559307e-06  1.49999959e+00  0.00000000e+00  9.83896109e-01 
 2.32129948e-06  1.49999959e+00  0.00000000e+00  1.06949215e+00 
 2.32905772e-06  1.49999959e+00  0.00000000e+00  1.18586582e+00 
 2.33901937e-06  1.49999960e+00  0.00000000e+00  1.33529053e+00 
 2.35000000e-06  1.49999960e+00  0.00000000e+00  1.50000000e+00 
 2.35141574e-06  1.49999960e+00  0.00000000e+00  1.50000000e+00 
 2.35424722e-06  1.49999960e+00  0.00000000e+00  1.50000000e+00 
 2.35991018e-06  1.49999960e+00  0.00000000e+00  1.50000000e+00 
 2.37123610e-06  1.49999960e+00  0.00000000e+00  1.50000000e+00 
 2.39388794e-06  1.49999961e+00  0.00000000e+00  1.50000000e+00 
 2.41645540e-06  1.49999961e+00  0.00000000e+00  1.50000000e+00 
 2.44590598e-06  1.49999961e+00  0.00000000e+00  1.50000000e+00 
 2.47623801e-06  1.49999961e+00  0.00000000e+00  1.50000000e+00 
 2.51520981e-06  1.49999961e+00  0.00000000e+00  1.50000000e+00 
 2.55862826e-06  1.49999961e+00  0.00000000e+00  1.50000000e+00 
 2.61534603e-06  1.49999961e+00  0.00000000e+00  1.50000000e+00 
 2.68241814e-06  1.49999961e+00  0.00000000e+00  1.50000000e+00 
 2.77203976e-06  1.49999961e+00  0.00000000e+00  1.50000000e+00 
 2.88598378e-06  1.49999961e+00  0.00000000e+00  1.50000000e+00 
 3.05044937e-06  1.49999961e+00  0.00000000e+00  1.50000000e+00 
 3.29624184e-06  1.49999961e+00  0.00000000e+00  1.50000000e+00 
 3.76325897e-06  1.49999961e+00  0.00000000e+00  1.50000000e+00 
 4.35000000e-06  1.49999961e+00  0.00000000e+00  1.50000000e+00 
 4.36000000e-06  1.49999961e+00  0.00000000e+00  1.35000000e+00 
 4.38000000e-06  1.49999961e+00  0.00000000e+00  1.05000000e+00 
 4.38458333e-06  1.49999961e+00  0.00000000e+00  9.81250000e-01 
 4.39260417e-06  1.49999961e+00  0.00000000e+00  8.60937500e-01 
 4.40148437e-06  1.49999961e+00  0.00000000e+00  7.27734375e-01 
 4.41924479e-06  1.49999961e+00  0.00000000e+00  4.61328125e-01 
 4.45000000e-06  1.49999961e+00  0.00000000e+00  0.00000000e+00 
 4.45355208e-06  1.49999961e+00  0.00000000e+00  0.00000000e+00 
 4.46065625e-06  1.49999961e+00  0.00000000e+00  0.00000000e+00 
 4.47486458e-06  1.49999961e+00  0.00000000e+00  0.00000000e+00 
 4.50000000e-06  1.49999961e+00  0.00000000e+00  0.00000000e+00 
 4.50190946e-06  1.50000244e+00  2.86419376e-02  0.00000000e+00 
 4.50572839e-06  1.50000251e+00  8.59258129e-02  0.00000000e+00 
 4.51336624e-06  1.50000259e+00  2.00493563e-01  0.00000000e+00 
 4.51826450e-06  1.50000267e+00  2.73967483e-01  0.00000000e+00 
 4.52237483e-06  1.50000274e+00  3.35622406e-01  0.00000000e+00 
 4.52695317e-06  1.50000282e+00  4.04297573e-01  0.00000000e+00 
 4.53107104e-06  1.50000291e+00  4.66065535e-01  0.00000000e+00 
 4.53558443e-06  1.50000300e+00  5.33766438e-01  0.00000000e+00 
 4.54295935e-06  1.50000317e+00  6.44390255e-01  0.00000000e+00 
 4.54422002e-06  1.50000320e+00  6.63300297e-01  0.00000000e+00 
 4.54674136e-06  1.50000325e+00  7.01120381e-01  0.00000000e+00 
 4.54733338e-06  1.50000327e+00  7.10000671e-01  0.00000000e+00 
 4.54851742e-06  1.50000329e+00  7.27761253e-01  0.00000000e+00 
 4.54879542e-06  1.50000330e+00  7.31931346e-01  0.00000000e+00 
 4.54935144e-06  1.50000331e+00  7.40271533e-01  0.00000000e+00 
 4.54948198e-06  1.50000331e+00  7.42229732e-01  0.00000000e+00 
 4.54974308e-06  1.50000332e+00  7.46146129e-01  0.00000000e+00 
 4.54980438e-06  1.50000332e+00  7.47065655e-01  0.00000000e+00 
 4.54992698e-06  1.50000332e+00  7.48904708e-01  0.00000000e+00 
 4.54995577e-06  1.50000332e+00  7.49336496e-01  0.00000000e+00 
 4.54996550e-06  1.50000332e+00  7.49482496e-01  0.00000000e+00 
 4.54998497e-06  1.50000332e+00  7.49774497e-01  0.00000000e+00 
 4.54998954e-06  1.50000332e+00  7.49843055e-01  0.00000000e+00 
 4.54999868e-06  1.50000332e+00  7.49980171e-01  0.00000000e+00 
 4.54999950e-06  1.50000332e+00  7.49992458e-01  0.00000000e+00 
 4.54999988e-06  1.50000332e+00  7.49998261e-01  0.00000000e+00 
 4.54999999e-06  1.50000332e+00  7.49999908e-01  0.00000000e+00 
 4.55000002e-06  1.50475749e+00  7.50000334e-01  0.00000000e+00 
 4.55000003e-06  1.50565625e+00  7.50000516e-01  0.00000000e+00 
 4.55000005e-06  1.50608015e+00  7.50000677e-01  0.00000000e+00 
 4.55000006e-06  1.50647643e+00  7.50000893e-01  0.00000000e+00 
 4.55000008e-06  1.50689733e+00  7.50001204e-01  0.00000000e+00 
 4.55000010e-06  1.50714457e+00  7.50001453e-01  0.00000000e+00 
 4.55000011e-06  1.50732307e+00  7.50001691e-01  0.00000000e+00 
 4.55000013e-06  1.50747536e+00  7.50001954e-01  0.00000000e+00 
 4.55000015e-06  1.50758289e+00  7.50002194e-01  0.00000000e+00 
 4.55000016e-06  1.50767849e+00  7.50002464e-01  0.00000000e+00 
 4.55000018e-06  1.50775087e+00  7.50002723e-01  0.00000000e+00 
 4.55000020e-06  1.50781411e+00  7.50003013e-01  0.00000000e+00 
 4.55000022e-06  1.50786238e+00  7.50003304e-01  0.00000000e+00 
 4.55000024e-06  1.50790137e+00  7.50003629e-01  0.00000000e+00 
 4.55000026e-06  1.50792797e+00  7.50003968e-01  0.00000000e+00 
 4.55000029e-06  1.50794346e+00  7.50004351e-01  0.00000000e+00 
 4.55000032e-06  1.50794559e+00  7.50004768e-01  0.00000000e+00 
 4.55000035e-06  1.50793222e+00  7.50005250e-01  0.00000000e+00 
 4.55000039e-06  1.50790022e+00  7.50005797e-01  0.00000000e+00 
 4.55000043e-06  1.50784314e+00  7.50006454e-01  0.00000000e+00 
 4.55000048e-06  1.50775386e+00  7.50007246e-01  0.00000000e+00 
 4.55000055e-06  1.50761648e+00  7.50008262e-01  0.00000000e+00 
 4.55000064e-06  1.50740924e+00  7.50009610e-01  0.00000000e+00 
 4.55000077e-06  1.50708141e+00  7.50011582e-01  0.00000000e+00 
 4.55000099e-06  1.50652648e+00  7.50014846e-01  0.00000000e+00 
 4.55000142e-06  1.50548504e+00  7.50021375e-01  0.00000000e+00 
 4.55000230e-06  1.50377638e+00  7.50034432e-01  0.00000000e+00 
 4.55000392e-06  1.50161306e+00  7.50058823e-01  0.00000000e+00 
 4.55000717e-06  1.49949820e+00  7.50107604e-01  0.00000000e+00 
 4.55001270e-06  1.49862049e+00  7.50190462e-01  0.00000000e+00 
 4.55001854e-06  1.49887859e+00  7.50278077e-01  0.00000000e+00 
 4.55002660e-06  1.49940994e+00  7.50398951e-01  0.00000000e+00 
 4.55003647e-06  1.49980659e+00  7.50547055e-01  0.00000000e+00 
 4.55005281e-06  1.50003246e+00  7.50792181e-01  0.00000000e+00 
 4.55008271e-06  1.50006574e+00  7.51240629e-01  0.00000000e+00 
 4.55014250e-06  1.50001955e+00  7.52137524e-01  0.00000000e+00 
 4.55025279e-06  1.50000024e+00  7.53791828e-01  0.00000000e+00 
 4.55045529e-06  1.50000201e+00  7.56829412e-01  0.00000000e+00 
 4.55065983e-06  1.50000327e+00  7.59897448e-01  0.00000000e+00 
 4.55100707e-06  1.50000328e+00  7.65106100e-01  0.00000000e+00 
 4.55149917e-06  1.50000326e+00  7.72487507e-01  0.00000000e+00 
 4.55248335e-06  1.50000334e+00  7.87250321e-01  0.00000000e+00 
 4.55369574e-06  1.50000337e+00  8.05436102e-01  0.00000000e+00 
 4.55575147e-06  1.50000339e+00  8.36272123e-01  0.00000000e+00 
 4.55875144e-06  1.50000341e+00  8.81271666e-01  0.00000000e+00 
 4.56475138e-06  1.50000338e+00  9.71270753e-01  0.00000000e+00 
 4.57146562e-06  1.50000299e+00  1.07198435e+00  0.00000000e+00 
 4.58114479e-06  1.50000158e+00  1.21717188e+00  0.00000000e+00 
 4.59274605e-06  1.50000128e+00  1.39119073e+00  0.00000000e+00 
 4.60000000e-06  1.50000151e+00  1.50000000e+00  0.00000000e+00 
 4.60079978e-06  1.49999955e+00  1.50000000e+00  0.00000000e+00 
 4.60239934e-06  1.49999951e+00  1.50000000e+00  0.00000000e+00 
 4.60559847e-06  1.49999953e+00  1.50000000e+00  0.00000000e+00 
 4.61199671e-06  1.49999953e+00  1.50000000e+00  0.00000000e+00 
 4.62479321e-06  1.49999953e+00  1.50000000e+00  0.00000000e+00 
 4.65038620e-06  1.49999953e+00  1.50000000e+00  0.00000000e+00 
 4.68290094e-06  1.49999953e+00  1.50000000e+00  0.00000000e+00 
 4.72554387e-06  1.49999953e+00  1.50000000e+00  0.00000000e+00 
 4.78040769e-06  1.49999953e+00  1.50000000e+00  0.00000000e+00 
 4.85997822e-06  1.49999953e+00  1.50000000e+00  0.00000000e+00 
 4.99037507e-06  1.49999953e+00  1.50000000e+00  0.00000000e+00 
 5.25116876e-06  1.49999953e+00  1.50000000e+00  0.00000000e+00 
 5.77275613e-06  1.49999953e+00  1.50000000e+00  0.00000000e+00 
 6.60000000e-06  1.49999953e+00  1.50000000e+00  0.00000000e+00 
 6.61000000e-06  1.49999752e+00  1.35000000e+00  0.00000000e+00 
 6.63000000e-06  1.49999681e+00  1.05000000e+00  0.00000000e+00 
 6.63458333e-06  1.49999567e+00  9.81250000e-01  0.00000000e+00 
 6.64260417e-06  1.49999555e+00  8.60937500e-01  0.00000000e+00 
 6.65148438e-06  1.49999577e+00  7.27734375e-01  0.00000000e+00 
 6.66924479e-06  1.49999623e+00  4.61328125e-01  0.00000000e+00 
 6.67869795e-06  1.49999646e+00  3.19530728e-01  0.00000000e+00 
 6.69083989e-06  1.49999667e+00  1.37401651e-01  0.00000000e+00 
 6.70000000e-06  1.49999678e+00  0.00000000e+00  0.00000000e+00 
 6.70089555e-06  1.49999959e+00  0.00000000e+00  0.00000000e+00 
 6.70268664e-06  1.49999962e+00  0.00000000e+00  0.00000000e+00 
 6.70626883e-06  1.49999961e+00  0.00000000e+00  0.00000000e+00 
 6.71343321e-06  1.49999961e+00  0.00000000e+00  0.00000000e+00 
 6.72776196e-06  1.49999961e+00  0.00000000e+00  0.00000000e+00 
 6.74844173e-06  1.49999961e+00  0.00000000e+00  0.00000000e+00 
 6.75000000e-06  1.49999961e+00  0.00000000e+00  0.00000000e+00 
 6.75311654e-06  1.49999961e+00  0.00000000e+00  4.67481255e-02 
 6.75934963e-06  1.49999961e+00  0.00000000e+00  1.40244377e-01 
 6.77181579e-06  1.49999961e+00  0.00000000e+00  3.27236879e-01 
 6.77793366e-06  1.49999961e+00  0.00000000e+00  4.19004964e-01 
 6.78863994e-06  1.49999961e+00  0.00000000e+00  5.79599113e-01 
 6.79040405e-06  1.49999961e+00  0.00000000e+00  6.06060683e-01 
 6.79393225e-06  1.49999961e+00  0.00000000e+00  6.58983824e-01 
 6.79476091e-06  1.49999961e+00  0.00000000e+00  6.71413625e-01 
 6.79641822e-06  1.49999961e+00  0.00000000e+00  6.96273227e-01 
 6.79973283e-06  1.49999961e+00  0.00000000e+00  7.45992430e-01 
 6.80002539e-06  1.50024690e+00  0.00000000e+00  7.50380812e-01 
 6.80014841e-06  1.49953747e+00  0.00000000e+00  7.52226077e-01 
 6.80032451e-06  1.49992909e+00  0.00000000e+00  7.54867685e-01 
 6.80040915e-06  1.50001261e+00  0.00000000e+00  7.56137264e-01 
 6.80050908e-06  1.50001889e+00  0.00000000e+00  7.57636182e-01 
 6.80061969e-06  1.50000847e+00  0.00000000e+00  7.59295308e-01 
 6.80078691e-06  1.50000087e+00  0.00000000e+00  7.61803704e-01 
 6.80111595e-06  1.49999828e+00  0.00000000e+00  7.66739311e-01 
 6.80175647e-06  1.49999898e+00  0.00000000e+00  7.76347006e-01 
 6.80248968e-06  1.49999955e+00  0.00000000e+00  7.87345198e-01 
 6.80376946e-06  1.49999965e+00  0.00000000e+00  8.06541886e-01 
 6.80513801e-06  1.49999962e+00  0.00000000e+00  8.27070221e-01 
 6.80762277e-06  1.49999960e+00  0.00000000e+00  8.64341553e-01 
 6.81147284e-06  1.49999959e+00  0.00000000e+00  9.22092567e-01 
 6.81699683e-06  1.49999959e+00  0.00000000e+00  1.00495238e+00 
 6.82323208e-06  1.49999959e+00  0.00000000e+00  1.09848123e+00 
 6.83197645e-06  1.49999960e+00  0.00000000e+00  1.22964674e+00 
 6.84321779e-06  1.49999960e+00  0.00000000e+00  1.39826688e+00 
 6.85000000e-06  1.49999960e+00  0.00000000e+00  1.50000000e+00 
 6.85168949e-06  1.49999960e+00  0.00000000e+00  1.50000000e+00 
 6.85506846e-06  1.49999960e+00  0.00000000e+00  1.50000000e+00 
 6.86182641e-06  1.49999960e+00  0.00000000e+00  1.50000000e+00 
 6.87534230e-06  1.49999960e+00  0.00000000e+00  1.50000000e+00 
 6.89952679e-06  1.49999961e+00  0.00000000e+00  1.50000000e+00 
 6.92513422e-06  1.49999961e+00  0.00000000e+00  1.50000000e+00 
 6.95670434e-06  1.49999961e+00  0.00000000e+00  1.50000000e+00 
 6.99048306e-06  1.49999961e+00  0.00000000e+00  1.50000000e+00 
 7.03210928e-06  1.49999961e+00  0.00000000e+00  1.50000000e+00 
 7.07924762e-06  1.49999961e+00  0.00000000e+00  1.50000000e+00 
 7.13780274e-06  1.49999961e+00  0.00000000e+00  1.50000000e+00 
 7.20597757e-06  1.49999961e+00  0.00000000e+00  1.50000000e+00 
 7.29121525e-06  1.49999961e+00  0.00000000e+00  1.50000000e+00 
 7.39478336e-06  1.49999961e+00  0.00000000e+00  1.50000000e+00 
 7.53069149e-06  1.49999961e+00  0.00000000e+00  1.50000000e+00 
 7.71243117e-06  1.49999961e+00  0.00000000e+00  1.50000000e+00 
 7.98558034e-06  1.49999961e+00  0.00000000e+00  1.50000000e+00 
 8.45277057e-06  1.49999961e+00  0.00000000e+00  1.50000000e+00 
 8.85000000e-06  1.49999961e+00  0.00000000e+00  1.50000000e+00 
 8.86000000e-06  1.49999961e+00  0.00000000e+00  1.35000000e+00 
 8.88000000e-06  1.49999961e+00  0.00000000e+00  1.05000000e+00 
 8.88458333e-06  1.49999961e+00  0.00000000e+00  9.81250000e-01 
 8.89260417e-06  1.49999961e+00  0.00000000e+00  8.60937500e-01 
 8.90148438e-06  1.49999961e+00  0.00000000e+00  7.27734375e-01 
 8.91924479e-06  1.49999961e+00  0.00000000e+00  4.61328125e-01 
 8.95000000e-06  1.49999961e+00  0.00000000e+00  0.00000000e+00 
 8.95355208e-06  1.49999961e+00  0.00000000e+00  0.00000000e+00 
 8.96065625e-06  1.49999961e+00  0.00000000e+00  0.00000000e+00 
 8.97486458e-06  1.49999961e+00  0.00000000e+00  0.00000000e+00 
 9.00000000e-06  1.49999961e+00  0.00000000e+00  0.00000000e+00 
 9.00190755e-06  1.50000244e+00  2.86132878e-02  0.00000000e+00 
 9.00572266e-06  1.50000251e+00  8.58398633e-02  0.00000000e+00 
 9.01335287e-06  1.50000259e+00  2.00293014e-01  0.00000000e+00 
 9.01820062e-06  1.50000267e+00  2.73009299e-01  0.00000000e+00 
 9.02235706e-06  1.50000274e+00  3.35355921e-01  0.00000000e+00 
 9.02698805e-06  1.50000283e+00  4.04820716e-01  0.00000000e+00 
 9.03112929e-06  1.50000291e+00  4.66939421e-01  0.00000000e+00 
 9.03555477e-06  1.50000300e+00  5.33321609e-01  0.00000000e+00 
 9.04308381e-06  1.50000317e+00  6.46257120e-01  0.00000000e+00 
 9.04434281e-06  1.50000320e+00  6.65142179e-01  0.00000000e+00 
 9.04686082e-06  1.50000326e+00  7.02912295e-01  0.00000000e+00 
 9.04745206e-06  1.50000327e+00  7.11780870e-01  0.00000000e+00 
 9.04863453e-06  1.50000329e+00  7.29518019e-01  0.00000000e+00 
 9.04891217e-06  1.50000330e+00  7.33682614e-01  0.00000000e+00 
 9.04946745e-06  1.50000331e+00  7.42011804e-01  0.00000000e+00 
 9.04959783e-06  1.50000331e+00  7.43967422e-01  0.00000000e+00 
 9.04985858e-06  1.50000332e+00  7.47878657e-01  0.00000000e+00 
 9.04991980e-06  1.50000332e+00  7.48796971e-01  0.00000000e+00 
 9.04994050e-06  1.50000332e+00  7.49107481e-01  0.00000000e+00 
 9.04998190e-06  1.50000332e+00  7.49728501e-01  0.00000000e+00 
 9.04999162e-06  1.50000332e+00  7.49874308e-01  0.00000000e+00 
 9.04999491e-06  1.50000332e+00  7.49923610e-01  0.00000000e+00 
 9.04999591e-06  1.50000332e+00  7.49938712e-01  0.00000000e+00 
 9.04999793e-06  1.50000332e+00  7.49968916e-01  0.00000000e+00 
 9.04999840e-06  1.50000332e+00  7.49976008e-01  0.00000000e+00 
 9.04999935e-06  1.50000332e+00  7.49990191e-01  0.00000000e+00 
 9.04999957e-06  1.50000332e+00  7.49993521e-01  0.00000000e+00 
 9.04999964e-06  1.50000332e+00  7.49994647e-01  0.00000000e+00 
 9.04999979e-06  1.50000332e+00  7.49996899e-01  0.00000000e+00 
 9.04999983e-06  1.50000332e+00  7.49997427e-01  0.00000000e+00 
 9.04999990e-06  1.50000332e+00  7.49998485e-01  0.00000000e+00 
 9.04999992e-06  1.50000332e+00  7.49998744e-01  0.00000000e+00 
 9.04999995e-06  1.50000332e+00  7.49999262e-01  0.00000000e+00 
 9.04999996e-06  1.50000332e+00  7.49999414e-01  0.00000000e+00 
 9.04999998e-06  1.50000332e+00  7.49999718e-01  0.00000000e+00 
 9.04999999e-06  1.50000332e+00  7.49999824e-01  0.00000000e+00 
 9.04999999e-06  1.50000332e+00  7.49999897e-01  0.00000000e+00 
 9.05000000e-06  1.50000332e+00  7.49999949e-01  0.00000000e+00 
 9.05000000e-06  1.50000332e+00  7.49999992e-01  0.00000000e+00 
 9.05000000e-06  1.50195596e+00  7.50000030e-01  0.00000000e+00 
 9.05000000e-06  1.50359828e+00  7.50000066e-01  0.00000000e+00 
 9.05000001e-06  1.50469450e+00  7.50000105e-01  0.00000000e+00 
 9.05000001e-06  1.50544934e+00  7.50000158e-01  0.00000000e+00 
 9.05000002e-06  1.50611734e+00  7.50000257e-01  0.00000000e+00 
 9.05000003e-06  1.50674702e+00  7.50000427e-01  0.00000000e+00 
 9.05000004e-06  1.50734436e+00  7.50000652e-01  0.00000000e+00 
 9.05000006e-06  1.50783153e+00  7.50000887e-01  0.00000000e+00 
 9.05000008e-06  1.50824186e+00  7.50001148e-01  0.00000000e+00 
 9.05000009e-06  1.50851936e+00  7.50001386e-01  0.00000000e+00 
 9.05000011e-06  1.50874131e+00  7.50001637e-01  0.00000000e+00 
 9.05000013e-06  1.50890385e+00  7.50001876e-01  0.00000000e+00 
 9.05000014e-06  1.50904032e+00  7.50002130e-01  0.00000000e+00 
 9.05000016e-06  1.50914834e+00  7.50002382e-01  0.00000000e+00 
 9.05000018e-06  1.50924070e+00  7.50002652e-01  0.00000000e+00 
 9.05000020e-06  1.50931536e+00  7.50002928e-01  0.00000000e+00 
 9.05000022e-06  1.50937755e+00  7.50003225e-01  0.00000000e+00 
 9.05000024e-06  1.50942588e+00  7.50003537e-01  0.00000000e+00 
 9.05000026e-06  1.50946202e+00  7.50003878e-01  0.00000000e+00 
 9.05000028e-06  1.50948449e+00  7.50004247e-01  0.00000000e+00 
 9.05000031e-06  1.50949238e+00  7.50004659e-01  0.00000000e+00 
 9.05000034e-06  1.50948313e+00  7.50005122e-01  0.00000000e+00 
 9.05000038e-06  1.50945283e+00  7.50005657e-01  0.00000000e+00 
 9.05000042e-06  1.50939598e+00  7.50006285e-01  0.00000000e+00 
 9.05000047e-06  1.50930301e+00  7.50007048e-01  0.00000000e+00 
 9.05000053e-06  1.50916011e+00  7.50008004e-01  0.00000000e+00 
 9.05000062e-06  1.50894130e+00  7.50009272e-01  0.00000000e+00 
 9.05000074e-06  1.50860045e+00  7.50011070e-01  0.00000000e+00 
 9.05000093e-06  1.50802937e+00  7.50013966e-01  0.00000000e+00 
 9.05000132e-06  1.50692973e+00  7.50019757e-01  0.00000000e+00 
 9.05000209e-06  1.50505608e+00  7.50031340e-01  0.00000000e+00 
 9.05000349e-06  1.50260243e+00  7.50052366e-01  0.00000000e+00 
 9.05000629e-06  1.49991911e+00  7.50094417e-01  0.00000000e+00 
 9.05001190e-06  1.49831801e+00  7.50178520e-01  0.00000000e+00 
 9.05001711e-06  1.49850542e+00  7.50256702e-01  0.00000000e+00 
 9.05002464e-06  1.49913656e+00  7.50369648e-01  0.00000000e+00 
 9.05003303e-06  1.49963444e+00  7.50495417e-01  0.00000000e+00 
 9.05004698e-06  1.49998180e+00  7.50704658e-01  0.00000000e+00 
 9.05006916e-06  1.50007811e+00  7.51037338e-01  0.00000000e+00 
 9.05011351e-06  1.50004041e+00  7.51702698e-01  0.00000000e+00 
 9.05020223e-06  1.50000266e+00  7.53033418e-01  0.00000000e+00 
 9.05037966e-06  1.50000032e+00  7.55694859e-01  0.00000000e+00 
 9.05057577e-06  1.50000300e+00  7.58636553e-01  0.00000000e+00 
 9.05084925e-06  1.50000331e+00  7.62738724e-01  0.00000000e+00 
 9.05122648e-06  1.50000323e+00  7.68397240e-01  0.00000000e+00 
 9.05198095e-06  1.50000330e+00  7.79714271e-01  0.00000000e+00 
 9.05298364e-06  1.50000336e+00  7.94754647e-01  0.00000000e+00 
 9.05453483e-06  1.50000338e+00  8.18022478e-01  0.00000000e+00 
 9.05666317e-06  1.50000340e+00  8.49947614e-01  0.00000000e+00 
 9.06056297e-06  1.50000341e+00  9.08444600e-01  0.00000000e+00 
 9.06694113e-06  1.50000331e+00  1.00411689e+00  0.00000000e+00 
 9.07369118e-06  1.50000270e+00  1.10536769e+00  0.00000000e+00 
 9.08385404e-06  1.50000130e+00  1.25781065e+00  0.00000000e+00 
 9.09496094e-06  1.50000138e+00  1.42441411e+00  0.00000000e+00 
 9.10000000e-06  1.50000151e+00  1.50000000e+00  0.00000000e+00 
 9.10057850e-06  1.49999956e+00  1.50000000e+00  0.00000000e+00 
 9.10173550e-06  1.49999951e+00  1.50000000e+00  0.00000000e+00 
 9.10404950e-06  1.49999953e+00  1.50000000e+00  0.00000000e+00 
 9.10867750e-06  1.49999953e+00  1.50000000e+00  0.00000000e+00 
 9.11793350e-06  1.49999953e+00  1.50000000e+00  0.00000000e+00 
 9.13644550e-06  1.49999953e+00  1.50000000e+00  0.00000000e+00 
 9.16702488e-06  1.49999953e+00  1.50000000e+00  0.00000000e+00 
 9.19957124e-06  1.49999953e+00  1.50000000e+00  0.00000000e+00 
 9.24542743e-06  1.49999953e+00  1.50000000e+00  0.00000000e+00 
 9.29821637e-06  1.49999953e+00  1.50000000e+00  0.00000000e+00 
 9.37736610e-06  1.49999953e+00  1.50000000e+00  0.00000000e+00 
 9.48952315e-06  1.49999953e+00  1.50000000e+00  0.00000000e+00 
 9.71383726e-06  1.49999953e+00  1.50000000e+00  0.00000000e+00 
 1.01624655e-05  1.49999953e+00  1.50000000e+00  0.00000000e+00 
 1.09917369e-05  1.49999953e+00  1.50000000e+00  0.00000000e+00 
 1.11000000e-05  1.49999953e+00  1.50000000e+00  0.00000000e+00 
 1.11014956e-05  1.49999755e+00  1.47756636e+00  0.00000000e+00 
 1.11044867e-05  1.49999751e+00  1.43269908e+00  0.00000000e+00 
 1.11104690e-05  1.49999750e+00  1.34296453e+00  0.00000000e+00 
 1.11202329e-05  1.49999739e+00  1.19650689e+00  0.00000000e+00 
 1.11330794e-05  1.49999603e+00  1.00380936e+00  0.00000000e+00 
 1.11370853e-05  1.49999556e+00  9.43720107e-01  0.00000000e+00 
 1.11440957e-05  1.49999562e+00  8.38563910e-01  0.00000000e+00 
 1.11518573e-05  1.49999580e+00  7.22140978e-01  0.00000000e+00 
 1.11673803e-05  1.49999620e+00  4.89295112e-01  0.00000000e+00 
 1.11767944e-05  1.49999642e+00  3.48084109e-01  0.00000000e+00 
 1.11894392e-05  1.49999665e+00  1.58411368e-01  0.00000000e+00 
 1.12000000e-05  1.49999679e+00  7.99360578e-15  0.00000000e+00 
 1.12011401e-05  1.49999959e+00  0.00000000e+00  0.00000000e+00 
 1.12034202e-05  1.49999962e+00  0.00000000e+00  0.00000000e+00 
 1.12079804e-05  1.49999961e+00  0.00000000e+00  0.00000000e+00 
 1.12171008e-05  1.49999961e+00  0.00000000e+00  0.00000000e+00 
 1.12308135e-05  1.49999961e+00  0.00000000e+00  0.00000000e+00 
 1.12500000e-05  1.49999961e+00  0.00000000e+00  0.00000000e+00 
 1.12520318e-05  1.49999961e+00  0.00000000e+00  3.04775659e-02 
 1.12560955e-05  1.49999961e+00  0.00000000e+00  9.14326977e-02 
 1.12642229e-05  1.49999961e+00  0.00000000e+00  2.13342961e-01 
 1.12804776e-05  1.49999961e+00  0.00000000e+00  4.57163489e-01 
 1.12849714e-05  1.49999961e+00  0.00000000e+00  5.24570335e-01 
 1.12928355e-05  1.49999961e+00  0.00000000e+00  6.42532315e-01 
 1.12941312e-05  1.49999961e+00  0.00000000e+00  6.61968516e-01 
 1.12967227e-05  1.49999961e+00  0.00000000e+00  7.00840918e-01 
 1.12973314e-05  1.49999961e+00  0.00000000e+00  7.09970433e-01 
 1.12985486e-05  1.49999961e+00  0.00000000e+00  7.28229461e-01 
 1.12988345e-05  1.49999961e+00  0.00000000e+00  7.32517116e-01 
 1.12994062e-05  1.49999961e+00  0.00000000e+00  7.41092425e-01 
 1.12995404e-05  1.49999961e+00  0.00000000e+00  7.43105959e-01 
 1.12998089e-05  1.49999961e+00  0.00000000e+00  7.47133028e-01 
 1.12998719e-05  1.49999961e+00  0.00000000e+00  7.48078573e-01 
 1.12999980e-05  1.49999961e+00  0.00000000e+00  7.49969663e-01 
 1.13000143e-05  1.50791039e+00  0.00000000e+00  7.50213988e-01 
 1.13000283e-05  1.50140706e+00  0.00000000e+00  7.50424925e-01 
 1.13000399e-05  1.49926191e+00  0.00000000e+00  7.50598245e-01 
 1.13000526e-05  1.49859350e+00  0.00000000e+00  7.50789135e-01 
 1.13000781e-05  1.49857401e+00  0.00000000e+00  7.51170915e-01 
 1.13001208e-05  1.49904113e+00  0.00000000e+00  7.51811942e-01 
 1.13001619e-05  1.49940521e+00  0.00000000e+00  7.52428003e-01 
 1.13002058e-05  1.49964788e+00  0.00000000e+00  7.53086797e-01 
 1.13002609e-05  1.49982411e+00  0.00000000e+00  7.53913116e-01 
 1.13003109e-05  1.49991078e+00  0.00000000e+00  7.54664018e-01 
 1.13003754e-05  1.49996704e+00  0.00000000e+00  7.55630525e-01 
 1.13004426e-05  1.49999120e+00  0.00000000e+00  7.56639452e-01 
 1.13005350e-05  1.50000165e+00  0.00000000e+00  7.58024319e-01 
 1.13006464e-05  1.50000297e+00  0.00000000e+00  7.59696475e-01 
 1.13008167e-05  1.50000131e+00  0.00000000e+00  7.62250191e-01 
 1.13010707e-05  1.49999978e+00  0.00000000e+00  7.66060018e-01 
 1.13015786e-05  1.49999932e+00  0.00000000e+00  7.73679672e-01 
 1.13023894e-05  1.49999951e+00  0.00000000e+00  7.85841199e-01 
 1.13034041e-05  1.49999962e+00  0.00000000e+00  8.01061321e-01 
 1.13047362e-05  1.49999963e+00  0.00000000e+00  8.21043330e-01 
 1.13065263e-05  1.49999961e+00  0.00000000e+00  8.47895178e-01 
 1.13095442e-05  1.49999960e+00  0.00000000e+00  8.93163182e-01 
 1.13155799e-05  1.49999959e+00  0.00000000e+00  9.83699190e-01 
 1.13210123e-05  1.49999960e+00  0.00000000e+00  1.06518463e+00 
 1.13293549e-05  1.49999960e+00  0.00000000e+00  1.19032382e+00 
 1.13390506e-05  1.49999960e+00  0.00000000e+00  1.33575967e+00 
 1.13500000e-05  1.49999960e+00  0.00000000e+00  1.50000000e+00 
 1.13515568e-05  1.49999960e+00  0.00000000e+00  1.50000000e+00 
 1.13546703e-05  1.49999960e+00  0.00000000e+00  1.50000000e+00 
 1.13608974e-05  1.49999960e+00  0.00000000e+00  1.50000000e+00 
 1.13733515e-05  1.49999960e+00  0.00000000e+00  1.50000000e+00 
 1.13982598e-05  1.49999961e+00  0.00000000e+00  1.50000000e+00 
 1.14261707e-05  1.49999961e+00  0.00000000e+00  1.50000000e+00 
 1.14605519e-05  1.49999961e+00  0.00000000e+00  1.50000000e+00 
 1.14990583e-05  1.49999961e+00  0.00000000e+00  1.50000000e+00 
 1.15445631e-05  1.49999961e+00  0.00000000e+00  1.50000000e+00 
 1.15934568e-05  1.49999961e+00  0.00000000e+00  1.50000000e+00 
 1.16491474e-05  1.49999961e+00  0.00000000e+00  1.50000000e+00 
 1.17106342e-05  1.49999961e+00  0.00000000e+00  1.50000000e+00 
 1.17830331e-05  1.49999961e+00  0.00000000e+00  1.50000000e+00 
 1.18678488e-05  1.49999961e+00  0.00000000e+00  1.50000000e+00 
 1.19733674e-05  1.49999961e+00  0.00000000e+00  1.50000000e+00 
 1.21067751e-05  1.49999961e+00  0.00000000e+00  1.50000000e+00 
 1.22884565e-05  1.49999961e+00  0.00000000e+00  1.50000000e+00 
 1.25525601e-05  1.49999961e+00  0.00000000e+00  1.50000000e+00 
 1.30023648e-05  1.49999961e+00  0.00000000e+00  1.50000000e+00 
 1.33500000e-05  1.49999961e+00  0.00000000e+00  1.50000000e+00 
 1.33600000e-05  1.49999961e+00  0.00000000e+00  1.35000000e+00 
 1.33800000e-05  1.49999961e+00  0.00000000e+00  1.05000000e+00 
 1.33845833e-05  1.49999961e+00  0.00000000e+00  9.81250000e-01 
 1.33926042e-05  1.49999961e+00  0.00000000e+00  8.60937500e-01 
 1.34014844e-05  1.49999961e+00  0.00000000e+00  7.27734375e-01 
 1.34192448e-05  1.49999961e+00  0.00000000e+00  4.61328125e-01 
 1.34500000e-05  1.49999961e+00  0.00000000e+00  7.99360578e-15 
 1.34535521e-05  1.49999961e+00  0.00000000e+00  0.00000000e+00 
 1.34606563e-05  1.49999961e+00  0.00000000e+00  0.00000000e+00 
 1.34748646e-05  1.49999961e+00  0.00000000e+00  0.00000000e+00 
 1.35000000e-05  1.49999961e+00  0.00000000e+00  0.00000000e+00 
 1.35018904e-05  1.50000244e+00  2.83562560e-02  0.00000000e+00 
 1.35056713e-05  1.50000251e+00  8.50687681e-02  0.00000000e+00 
 1.35132329e-05  1.50000259e+00  1.98493792e-01  0.00000000e+00 
 1.35184671e-05  1.50000267e+00  2.77006637e-01  0.00000000e+00 
 1.35225000e-05  1.50000274e+00  3.37499732e-01  0.00000000e+00 
 1.35270160e-05  1.50000283e+00  4.05240334e-01  0.00000000e+00 
 1.35310914e-05  1.50000291e+00  4.66371418e-01  0.00000000e+00 
 1.35359304e-05  1.50000301e+00  5.38956346e-01  0.00000000e+00 
 1.35425574e-05  1.50000316e+00  6.38361694e-01  0.00000000e+00 
 1.35438107e-05  1.50000319e+00  6.57160370e-01  0.00000000e+00 
 1.35463172e-05  1.50000325e+00  6.94757722e-01  0.00000000e+00 
 1.35469057e-05  1.50000326e+00  7.03585732e-01  0.00000000e+00 
 1.35480828e-05  1.50000328e+00  7.21241753e-01  0.00000000e+00 
 1.35483592e-05  1.50000329e+00  7.25387300e-01  0.00000000e+00 
 1.35489119e-05  1.50000330e+00  7.33678393e-01  0.00000000e+00 
 1.35490417e-05  1.50000330e+00  7.35625066e-01  0.00000000e+00 
 1.35493012e-05  1.50000331e+00  7.39518413e-01  0.00000000e+00 
 1.35498203e-05  1.50000332e+00  7.47305105e-01  0.00000000e+00 
 1.35499422e-05  1.50000332e+00  7.49133347e-01  0.00000000e+00 
 1.35499834e-05  1.50000332e+00  7.49751531e-01  0.00000000e+00 
 1.35499961e-05  1.50000332e+00  7.49940891e-01  0.00000000e+00 
 1.35499980e-05  1.50000332e+00  7.49969909e-01  0.00000000e+00 
 1.35499987e-05  1.50000332e+00  7.49981149e-01  0.00000000e+00 
 1.35499990e-05  1.50000332e+00  7.49984481e-01  0.00000000e+00 
 1.35499994e-05  1.50000332e+00  7.49991147e-01  0.00000000e+00 
 1.35499995e-05  1.50000332e+00  7.49992712e-01  0.00000000e+00 
 1.35499997e-05  1.50000332e+00  7.49995841e-01  0.00000000e+00 
 1.35499998e-05  1.50000332e+00  7.49996576e-01  0.00000000e+00 
 1.35499999e-05  1.50000332e+00  7.49998046e-01  0.00000000e+00 
 1.35499999e-05  1.50000332e+00  7.49998391e-01  0.00000000e+00 
 1.35499999e-05  1.50000332e+00  7.49999081e-01  0.00000000e+00 
 1.35500000e-05  1.50000332e+00  7.49999268e-01  0.00000000e+00 
 1.35500000e-05  1.50000332e+00  7.49999641e-01  0.00000000e+00 
 1.35500000e-05  1.50000332e+00  7.49999762e-01  0.00000000e+00 
 1.35500000e-05  1.50000332e+00  7.49999842e-01  0.00000000e+00 
 1.35500000e-05  1.50000332e+00  7.49999897e-01  0.00000000e+00 
 1.35500000e-05  1.50000332e+00  7.49999941e-01  0.00000000e+00 
 1.35500000e-05  1.50000332e+00  7.49999979e-01  0.00000000e+00 
 1.35500000e-05  1.50226524e+00  7.50000015e-01  0.00000000e+00 
 1.35500000e-05  1.50422549e+00  7.50000049e-01  0.00000000e+00 
 1.35500000e-05  1.50547933e+00  7.50000082e-01  0.00000000e+00 
 1.35500000e-05  1.50645289e+00  7.50000129e-01  0.00000000e+00 
 1.35500000e-05  1.50735330e+00  7.50000220e-01  0.00000000e+00 
 1.35500000e-05  1.50814648e+00  7.50000377e-01  0.00000000e+00 
 1.35500000e-05  1.50906749e+00  7.50000647e-01  0.00000000e+00 
 1.35500001e-05  1.50968933e+00  7.50000896e-01  0.00000000e+00 
 1.35500001e-05  1.51016816e+00  7.50001153e-01  0.00000000e+00 
 1.35500001e-05  1.51049863e+00  7.50001393e-01  0.00000000e+00 
 1.35500001e-05  1.51075221e+00  7.50001636e-01  0.00000000e+00 
 1.35500001e-05  1.51094462e+00  7.50001876e-01  0.00000000e+00 
 1.35500001e-05  1.51110281e+00  7.50002125e-01  0.00000000e+00 
 1.35500002e-05  1.51123133e+00  7.50002378e-01  0.00000000e+00 
 1.35500002e-05  1.51133976e+00  7.50002643e-01  0.00000000e+00 
 1.35500002e-05  1.51142904e+00  7.50002919e-01  0.00000000e+00 
 1.35500002e-05  1.51150298e+00  7.50003211e-01  0.00000000e+00 
 1.35500002e-05  1.51156154e+00  7.50003521e-01  0.00000000e+00 
 1.35500003e-05  1.51160575e+00  7.50003855e-01  0.00000000e+00 
 1.35500003e-05  1.51163461e+00  7.50004219e-01  0.00000000e+00 
 1.35500003e-05  1.51164690e+00  7.50004622e-01  0.00000000e+00 
 1.35500003e-05  1.51163992e+00  7.50005075e-01  0.00000000e+00 
 1.35500004e-05  1.51160954e+00  7.50005595e-01  0.00000000e+00 
 1.35500004e-05  1.51154959e+00  7.50006203e-01  0.00000000e+00 
 1.35500005e-05  1.51145009e+00  7.50006937e-01  0.00000000e+00 
 1.35500005e-05  1.51129585e+00  7.50007851e-01  0.00000000e+00 
 1.35500006e-05  1.51106006e+00  7.50009048e-01  0.00000000e+00 
 1.35500007e-05  1.51069421e+00  7.50010722e-01  0.00000000e+00 
 1.35500009e-05  1.51009105e+00  7.50013339e-01  0.00000000e+00 
 1.35500012e-05  1.50894307e+00  7.50018396e-01  0.00000000e+00 
 1.35500019e-05  1.50690943e+00  7.50028508e-01  0.00000000e+00 
 1.35500032e-05  1.50400246e+00  7.50047440e-01  0.00000000e+00 
 1.35500057e-05  1.50053270e+00  7.50085302e-01  0.00000000e+00 
 1.35500107e-05  1.49806155e+00  7.50161026e-01  0.00000000e+00 
 1.35500159e-05  1.49800966e+00  7.50238499e-01  0.00000000e+00 
 1.35500224e-05  1.49867708e+00  7.50336039e-01  0.00000000e+00 
 1.35500300e-05  1.49934646e+00  7.50450004e-01  0.00000000e+00 
 1.35500411e-05  1.49984414e+00  7.50615907e-01  0.00000000e+00 
 1.35500582e-05  1.50006613e+00  7.50873602e-01  0.00000000e+00 
 1.35500926e-05  1.50007653e+00  7.51388993e-01  0.00000000e+00 
 1.35501613e-05  1.50001632e+00  7.52419774e-01  0.00000000e+00 
 1.35502819e-05  1.49999870e+00  7.54228874e-01  0.00000000e+00 
 1.35505075e-05  1.50000189e+00  7.57612455e-01  0.00000000e+00 
 1.35507173e-05  1.50000322e+00  7.60758989e-01  0.00000000e+00 
 1.35510491e-05  1.50000324e+00  7.65736387e-01  0.00000000e+00 
 1.35514918e-05  1.50000322e+00  7.72377698e-01  0.00000000e+00 
 1.35523774e-05  1.50000332e+00  7.85660321e-01  0.00000000e+00 
 1.35534638e-05  1.50000338e+00  8.01956690e-01  0.00000000e+00 
 1.35551364e-05  1.50000340e+00  8.27046285e-01  0.00000000e+00 
 1.35573546e-05  1.50000341e+00  8.60318444e-01  0.00000000e+00 
 1.35615871e-05  1.50000341e+00  9.23806439e-01  0.00000000e+00 
 1.35684026e-05  1.50000324e+00  1.02603831e+00  0.00000000e+00 
 1.35748725e-05  1.50000250e+00  1.12308813e+00  0.00000000e+00 
 1.35852119e-05  1.50000123e+00  1.27817803e+00  0.00000000e+00 
 1.35962550e-05  1.50000142e+00  1.44382426e+00  0.00000000e+00 
 1.36000000e-05  1.50000152e+00  1.50000000e+00  0.00000000e+00 
 1.36004553e-05  1.49999957e+00  1.50000000e+00  0.00000000e+00 
 1.36013658e-05  1.49999950e+00  1.50000000e+00  0.00000000e+00 
 1.36031869e-05  1.49999953e+00  1.50000000e+00  0.00000000e+00 
 1.36068291e-05  1.49999953e+00  1.50000000e+00  0.00000000e+00 
 1.36141135e-05  1.49999953e+00  1.50000000e+00  0.00000000e+00 
 1.36286822e-05  1.49999953e+00  1.50000000e+00  0.00000000e+00 
 1.36578197e-05  1.49999953e+00  1.50000000e+00  0.00000000e+00 
 1.36847962e-05  1.49999953e+00  1.50000000e+00  0.00000000e+00 
 1.37237176e-05  1.49999953e+00  1.50000000e+00  0.00000000e+00 
 1.37630537e-05  1.49999953e+00  1.50000000e+00  0.00000000e+00 
 1.38201221e-05  1.49999953e+00  1.50000000e+00  0.00000000e+00 
 1.38878995e-05  1.49999953e+00  1.50000000e+00  0.00000000e+00 
 1.39988389e-05  1.49999953e+00  1.50000000e+00  0.00000000e+00 
 1.41725595e-05  1.49999953e+00  1.50000000e+00  0.00000000e+00 
 1.45200007e-05  1.49999953e+00  1.50000000e+00  0.00000000e+00 
 1.52148832e-05  1.49999953e+00  1.50000000e+00  0.00000000e+00 
 1.56000000e-05  1.49999953e+00  1.50000000e+00  0.00000000e+00 
 1.56049967e-05  1.49999754e+00  1.42504926e+00  0.00000000e+00 
 1.56149901e-05  1.49999747e+00  1.27514778e+00  0.00000000e+00 
 1.56264469e-05  1.49999699e+00  1.10329672e+00  0.00000000e+00 
 1.56351433e-05  1.49999557e+00  9.72850587e-01  0.00000000e+00 
 1.56427432e-05  1.49999550e+00  8.58852589e-01  0.00000000e+00 
 1.56515191e-05  1.49999576e+00  7.27213147e-01  0.00000000e+00 
 1.56690710e-05  1.49999622e+00  4.63934264e-01  0.00000000e+00 
 1.56796954e-05  1.49999651e+00  3.04568384e-01  0.00000000e+00 
 1.56924370e-05  1.49999670e+00  1.13444849e-01  0.00000000e+00 
 1.57000000e-05  1.49999678e+00  7.99360578e-15  0.00000000e+00 
 1.57006846e-05  1.49999959e+00  0.00000000e+00  0.00000000e+00 
 1.57020537e-05  1.49999963e+00  0.00000000e+00  0.00000000e+00 
 1.57047920e-05  1.49999961e+00  0.00000000e+00  0.00000000e+00 
 1.57102686e-05  1.49999961e+00  0.00000000e+00  0.00000000e+00 
 1.57180467e-05  1.49999961e+00  0.00000000e+00  0.00000000e+00 
 1.57308187e-05  1.49999961e+00  0.00000000e+00  0.00000000e+00 
 1.57500000e-05  1.49999961e+00  0.00000000e+00  0.00000000e+00 
 1.57522393e-05  1.49999961e+00  0.00000000e+00  3.35889561e-02 
 1.57567178e-05  1.49999961e+00  0.00000000e+00  1.00766868e-01 
 1.57656748e-05  1.49999961e+00  0.00000000e+00  2.35122692e-01 
 1.57813165e-05  1.49999961e+00  0.00000000e+00  4.69746937e-01 
 1.57856530e-05  1.49999961e+00  0.00000000e+00  5.34794386e-01 
 1.57932418e-05  1.49999961e+00  0.00000000e+00  6.48627422e-01 
 1.57944924e-05  1.49999961e+00  0.00000000e+00  6.67385450e-01 
 1.57969934e-05  1.49999961e+00  0.00000000e+00  7.04901506e-01 
 1.57975809e-05  1.49999961e+00  0.00000000e+00  7.13713085e-01 
 1.57987557e-05  1.49999961e+00  0.00000000e+00  7.31336242e-01 
 1.57990316e-05  1.49999961e+00  0.00000000e+00  7.35474730e-01 
 1.57995834e-05  1.49999961e+00  0.00000000e+00  7.43751705e-01 
 1.57997130e-05  1.49999961e+00  0.00000000e+00  7.45695226e-01 
 1.57999722e-05  1.49999961e+00  0.00000000e+00  7.49582267e-01 
 1.58000018e-05  1.50374302e+00  0.00000000e+00  7.50026818e-01 
 1.58000260e-05  1.49945896e+00  0.00000000e+00  7.50390401e-01 
 1.58000456e-05  1.49878551e+00  0.00000000e+00  7.50683734e-01 
 1.58000674e-05  1.49893987e+00  0.00000000e+00  7.51011648e-01 
 1.58001112e-05  1.49937326e+00  0.00000000e+00  7.51667477e-01 
 1.58001503e-05  1.49962458e+00  0.00000000e+00  7.52255083e-01 
 1.58001962e-05  1.49979083e+00  0.00000000e+00  7.52942965e-01 
 1.58002462e-05  1.49989065e+00  0.00000000e+00  7.53693600e-01 
 1.58003009e-05  1.49994888e+00  0.00000000e+00  7.54513713e-01 
 1.58003654e-05  1.49998179e+00  0.00000000e+00  7.55480331e-01 
 1.58004420e-05  1.49999695e+00  0.00000000e+00  7.56630286e-01 
 1.58005407e-05  1.50000194e+00  0.00000000e+00  7.58110986e-01 
 1.58006723e-05  1.50000185e+00  0.00000000e+00  7.60083923e-01 
 1.58008672e-05  1.50000039e+00  0.00000000e+00  7.63008409e-01 
 1.58011926e-05  1.49999948e+00  0.00000000e+00  7.67888563e-01 
 1.58018433e-05  1.49999941e+00  0.00000000e+00  7.77648869e-01 
 1.58027154e-05  1.49999958e+00  0.00000000e+00  7.90730465e-01 
 1.58038950e-05  1.49999963e+00  0.00000000e+00  8.08425057e-01 
 1.58053232e-05  1.49999962e+00  0.00000000e+00  8.29848648e-01 
 1.58074145e-05  1.49999961e+00  0.00000000e+00  8.61217363e-01 
 1.58108869e-05  1.49999960e+00  0.00000000e+00  9.13303763e-01 
 1.58164619e-05  1.49999960e+00  0.00000000e+00  9.96929239e-01 
 1.58225854e-05  1.49999960e+00  0.00000000e+00  1.08878115e+00 
 1.58312002e-05  1.49999960e+00  0.00000000e+00  1.21800328e+00 
 1.58420805e-05  1.49999960e+00  0.00000000e+00  1.38120764e+00 
 1.58500000e-05  1.49999960e+00  0.00000000e+00  1.50000000e+00 
 1.58516379e-05  1.49999960e+00  0.00000000e+00  1.50000000e+00 
 1.58549137e-05  1.49999960e+00  0.00000000e+00  1.50000000e+00 
 1.58614652e-05  1.49999961e+00  0.00000000e+00  1.50000000e+00 
 1.58745683e-05  1.49999961e+00  0.00000000e+00  1.50000000e+00 
 1.59007744e-05  1.49999961e+00  0.00000000e+00  1.50000000e+00 
 1.59311816e-05  1.49999961e+00  0.00000000e+00  1.50000000e+00 
 1.59797041e-05  1.49999961e+00  0.00000000e+00  1.50000000e+00 
 1.60293324e-05  1.49999961e+00  0.00000000e+00  1.50000000e+00 
 1.60773286e-05  1.49999961e+00  0.00000000e+00  1.50000000e+00 
 1.61285157e-05  1.49999961e+00  0.00000000e+00  1.50000000e+00 
 1.61784912e-05  1.49999961e+00  0.00000000e+00  1.50000000e+00 
 1.62359558e-05  1.49999961e+00  0.00000000e+00  1.50000000e+00 
 1.62981394e-05  1.49999961e+00  0.00000000e+00  1.50000000e+00 
 1.63738701e-05  1.49999961e+00  0.00000000e+00  1.50000000e+00 
 1.64620274e-05  1.49999961e+00  0.00000000e+00  1.50000000e+00 
 1.65744439e-05  1.49999961e+00  0.00000000e+00  1.50000000e+00 
 1.67159272e-05  1.49999961e+00  0.00000000e+00  1.50000000e+00 
 1.69126606e-05  1.49999961e+00  0.00000000e+00  1.50000000e+00 
 1.72006821e-05  1.49999961e+00  0.00000000e+00  1.50000000e+00 
 1.77109953e-05  1.49999961e+00  0.00000000e+00  1.50000000e+00 
 1.78500000e-05  1.49999961e+00  0.00000000e+00  1.50000000e+00 
 1.78600000e-05  1.49999961e+00  0.00000000e+00  1.35000000e+00 
 1.78800000e-05  1.49999961e+00  0.00000000e+00  1.05000000e+00 
 1.78845833e-05  1.49999961e+00  0.00000000e+00  9.81250000e-01 
 1.78926042e-05  1.49999961e+00  0.00000000e+00  8.60937500e-01 
 1.79014844e-05  1.49999961e+00  0.00000000e+00  7.27734375e-01 
 1.79192448e-05  1.49999961e+00  0.00000000e+00  4.61328125e-01 
 1.79500000e-05  1.49999961e+00  0.00000000e+00  7.99360578e-15 
 1.79535521e-05  1.49999961e+00  0.00000000e+00  0.00000000e+00 
 1.79606562e-05  1.49999961e+00  0.00000000e+00  0.00000000e+00 
 1.79748646e-05  1.49999961e+00  0.00000000e+00  0.00000000e+00 
 1.80000000e-05  1.49999961e+00  0.00000000e+00  0.00000000e+00 
 1.80017213e-05  1.50000245e+00  2.58197278e-02  0.00000000e+00 
 1.80051639e-05  1.50000250e+00  7.74591833e-02  0.00000000e+00 
 1.80120492e-05  1.50000258e+00  1.80738094e-01  0.00000000e+00 
 1.80231379e-05  1.50000271e+00  3.47068380e-01  0.00000000e+00 
 1.80323101e-05  1.50000292e+00  4.84651015e-01  0.00000000e+00 
 1.80411377e-05  1.50000314e+00  6.17065992e-01  0.00000000e+00 
 1.80427309e-05  1.50000318e+00  6.40962872e-01  0.00000000e+00 
 1.80459171e-05  1.50000325e+00  6.88756632e-01  0.00000000e+00 
 1.80466653e-05  1.50000326e+00  6.99979023e-01  0.00000000e+00 
 1.80481616e-05  1.50000329e+00  7.22423806e-01  0.00000000e+00 
 1.80485129e-05  1.50000330e+00  7.27693779e-01  0.00000000e+00 
 1.80492156e-05  1.50000332e+00  7.38233727e-01  0.00000000e+00 
 1.80493806e-05  1.50000332e+00  7.40708421e-01  0.00000000e+00 
 1.80497105e-05  1.50000333e+00  7.45657809e-01  0.00000000e+00 
 1.80497880e-05  1.50000333e+00  7.46819873e-01  0.00000000e+00 
 1.80499429e-05  1.50000333e+00  7.49144001e-01  0.00000000e+00 
 1.80499793e-05  1.50000333e+00  7.49689678e-01  0.00000000e+00 
 1.80499916e-05  1.50000333e+00  7.49874189e-01  0.00000000e+00 
 1.80499954e-05  1.50000333e+00  7.49930707e-01  0.00000000e+00 
 1.80499966e-05  1.50000333e+00  7.49948460e-01  0.00000000e+00 
 1.80499989e-05  1.50000333e+00  7.49983967e-01  0.00000000e+00 
 1.80499995e-05  1.50000333e+00  7.49992303e-01  0.00000000e+00 
 1.80499997e-05  1.50000333e+00  7.49995122e-01  0.00000000e+00 
 1.80499997e-05  1.50000333e+00  7.49995985e-01  0.00000000e+00 
 1.80499998e-05  1.50000333e+00  7.49997712e-01  0.00000000e+00 
 1.80499999e-05  1.50000333e+00  7.49998118e-01  0.00000000e+00 
 1.80499999e-05  1.50000333e+00  7.49998929e-01  0.00000000e+00 
 1.80499999e-05  1.50000333e+00  7.49999139e-01  0.00000000e+00 
 1.80500000e-05  1.50000333e+00  7.49999559e-01  0.00000000e+00 
 1.80500000e-05  1.50000333e+00  7.49999690e-01  0.00000000e+00 
 1.80500000e-05  1.50000333e+00  7.49999951e-01  0.00000000e+00 
 1.80500000e-05  1.50509716e+00  7.50000048e-01  0.00000000e+00 
 1.80500000e-05  1.50773215e+00  7.50000134e-01  0.00000000e+00 
 1.80500000e-05  1.50900111e+00  7.50000228e-01  0.00000000e+00 
 1.80500000e-05  1.50972281e+00  7.50000335e-01  0.00000000e+00 
 1.80500000e-05  1.51065192e+00  7.50000530e-01  0.00000000e+00 
 1.80500000e-05  1.51144503e+00  7.50000747e-01  0.00000000e+00 
 1.80500001e-05  1.51207376e+00  7.50000972e-01  0.00000000e+00 
 1.80500001e-05  1.51255746e+00  7.50001203e-01  0.00000000e+00 
 1.80500001e-05  1.51295125e+00  7.50001456e-01  0.00000000e+00 
 1.80500001e-05  1.51322629e+00  7.50001693e-01  0.00000000e+00 
 1.80500001e-05  1.51345232e+00  7.50001946e-01  0.00000000e+00 
 1.80500001e-05  1.51362345e+00  7.50002190e-01  0.00000000e+00 
 1.80500002e-05  1.51376899e+00  7.50002450e-01  0.00000000e+00 
 1.80500002e-05  1.51388534e+00  7.50002711e-01  0.00000000e+00 
 1.80500002e-05  1.51398432e+00  7.50002991e-01  0.00000000e+00 
 1.80500002e-05  1.51406350e+00  7.50003279e-01  0.00000000e+00 
 1.80500002e-05  1.51412749e+00  7.50003592e-01  0.00000000e+00 
 1.80500003e-05  1.51417438e+00  7.50003924e-01  0.00000000e+00 
 1.80500003e-05  1.51420485e+00  7.50004291e-01  0.00000000e+00 
 1.80500003e-05  1.51421647e+00  7.50004693e-01  0.00000000e+00 
 1.80500003e-05  1.51420650e+00  7.50005149e-01  0.00000000e+00 
 1.80500004e-05  1.51417036e+00  7.50005667e-01  0.00000000e+00 
 1.80500004e-05  1.51410041e+00  7.50006280e-01  0.00000000e+00 
 1.80500005e-05  1.51398623e+00  7.50007014e-01  0.00000000e+00 
 1.80500005e-05  1.51380892e+00  7.50007934e-01  0.00000000e+00 
 1.80500006e-05  1.51353943e+00  7.50009134e-01  0.00000000e+00 
 1.80500007e-05  1.51311896e+00  7.50010822e-01  0.00000000e+00 
 1.80500009e-05  1.51242509e+00  7.50013457e-01  0.00000000e+00 
 1.80500012e-05  1.51108540e+00  7.50018592e-01  0.00000000e+00 
 1.80500019e-05  1.50868184e+00  7.50028863e-01  0.00000000e+00 
 1.80500032e-05  1.50518520e+00  7.50047944e-01  0.00000000e+00 
 1.80500057e-05  1.50084367e+00  7.50086107e-01  0.00000000e+00 
 1.80500108e-05  1.49759640e+00  7.50162433e-01  0.00000000e+00 
 1.80500160e-05  1.49744995e+00  7.50240388e-01  0.00000000e+00 
 1.80500221e-05  1.49823496e+00  7.50331621e-01  0.00000000e+00 
 1.80500293e-05  1.49907579e+00  7.50439186e-01  0.00000000e+00 
 1.80500391e-05  1.49971332e+00  7.50587081e-01  0.00000000e+00 
 1.80500543e-05  1.50004510e+00  7.50814844e-01  0.00000000e+00 
 1.80500847e-05  1.50010625e+00  7.51270370e-01  0.00000000e+00 
 1.80501454e-05  1.50003257e+00  7.52181423e-01  0.00000000e+00 
 1.80502441e-05  1.49999917e+00  7.53661030e-01  0.00000000e+00 
 1.80503681e-05  1.50000016e+00  7.55522039e-01  0.00000000e+00 
 1.80506163e-05  1.50000296e+00  7.59244058e-01  0.00000000e+00 
 1.80508504e-05  1.50000322e+00  7.62755663e-01  0.00000000e+00 
 1.80512560e-05  1.50000319e+00  7.68839660e-01  0.00000000e+00 
 1.80518103e-05  1.50000325e+00  7.77154724e-01  0.00000000e+00 
 1.80528639e-05  1.50000336e+00  7.92958033e-01  0.00000000e+00 
 1.80540199e-05  1.50000340e+00  8.10298982e-01  0.00000000e+00 
 1.80558175e-05  1.50000341e+00  8.37262754e-01  0.00000000e+00 
 1.80581324e-05  1.50000342e+00  8.71986410e-01  0.00000000e+00 
 1.80627622e-05  1.50000341e+00  9.41433721e-01  0.00000000e+00 
 1.80690087e-05  1.50000319e+00  1.03513065e+00  0.00000000e+00 
 1.80760761e-05  1.50000231e+00  1.14114121e+00  0.00000000e+00 
 1.80861364e-05  1.50000122e+00  1.29204674e+00  0.00000000e+00 
 1.80985693e-05  1.50000144e+00  1.47853932e+00  0.00000000e+00 
 1.81000000e-05  1.50000151e+00  1.50000000e+00  0.00000000e+00 
 1.81002312e-05  1.49999961e+00  1.50000000e+00  0.00000000e+00 
 1.81006935e-05  1.49999948e+00  1.50000000e+00  0.00000000e+00 
 1.81016183e-05  1.49999952e+00  1.50000000e+00  0.00000000e+00 
 1.81034677e-05  1.49999953e+00  1.50000000e+00  0.00000000e+00 
 1.81071666e-05  1.49999953e+00  1.50000000e+00  0.00000000e+00 
 1.81145644e-05  1.49999953e+00  1.50000000e+00  0.00000000e+00 
 1.81293599e-05  1.49999953e+00  1.50000000e+00  0.00000000e+00 
 1.81527733e-05  1.49999953e+00  1.50000000e+00  0.00000000e+00 
 1.81791086e-05  1.49999953e+00  1.50000000e+00  0.00000000e+00 
 1.82097052e-05  1.49999953e+00  1.50000000e+00  0.00000000e+00 
 1.82445601e-05  1.49999953e+00  1.50000000e+00  0.00000000e+00 
 1.82871112e-05  1.49999953e+00  1.50000000e+00  0.00000000e+00 
 1.83403724e-05  1.49999953e+00  1.50000000e+00  0.00000000e+00 
 1.84126244e-05  1.49999953e+00  1.50000000e+00  0.00000000e+00 
 1.85180222e-05  1.49999953e+00  1.50000000e+00  0.00000000e+00 
 1.86982200e-05  1.49999953e+00  1.50000000e+00  0.00000000e+00 
 1.90586156e-05  1.49999953e+00  1.50000000e+00  0.00000000e+00 
 1.97794068e-05  1.49999953e+00  1.50000000e+00  0.00000000e+00 
 2.01000000e-05  1.49999953e+00  1.50000000e+00  0.00000000e+00 
 2.01041807e-05  1.49999754e+00  1.43728898e+00  0.00000000e+00 
 2.01125422e-05  1.49999748e+00  1.31186695e+00  0.00000000e+00 
 2.01235904e-05  1.49999724e+00  1.14614456e+00  0.00000000e+00 
 2.01335855e-05  1.49999579e+00  9.96217847e-01  0.00000000e+00 
 2.01430321e-05  1.49999536e+00  8.54519040e-01  0.00000000e+00 
 2.01515913e-05  1.49999570e+00  7.26129760e-01  0.00000000e+00 
 2.01687099e-05  1.49999618e+00  4.69351200e-01  0.00000000e+00 
 2.01781862e-05  1.49999666e+00  3.27206505e-01  0.00000000e+00 
 2.01916250e-05  1.49999664e+00  1.25625742e-01  0.00000000e+00 
 2.02000000e-05  1.49999677e+00  7.99360578e-15  0.00000000e+00 
 2.02012764e-05  1.49999961e+00  0.00000000e+00  0.00000000e+00 
 2.02038291e-05  1.49999961e+00  0.00000000e+00  0.00000000e+00 
 2.02080046e-05  1.49999961e+00  0.00000000e+00  0.00000000e+00 
 2.02163557e-05  1.49999961e+00  0.00000000e+00  0.00000000e+00 
 2.02330578e-05  1.49999961e+00  0.00000000e+00  0.00000000e+00 
 2.02500000e-05  1.49999961e+00  0.00000000e+00  0.00000000e+00 
 2.02533404e-05  1.49999961e+00  0.00000000e+00  5.01063909e-02 
 2.02600213e-05  1.49999961e+00  0.00000000e+00  1.50319173e-01 
 2.02733830e-05  1.49999961e+00  0.00000000e+00  3.50744736e-01 
 2.02792070e-05  1.49999961e+00  0.00000000e+00  4.38105098e-01 
 2.02893990e-05  1.49999961e+00  0.00000000e+00  5.90985731e-01 
 2.02910793e-05  1.49999961e+00  0.00000000e+00  6.16189150e-01 
 2.02944397e-05  1.49999961e+00  0.00000000e+00  6.66595987e-01 
 2.02952292e-05  1.49999961e+00  0.00000000e+00  6.78438631e-01 
 2.02968083e-05  1.49999961e+00  0.00000000e+00  7.02123917e-01 
 2.02999663e-05  1.49999961e+00  0.00000000e+00  7.49494490e-01 
 2.03002656e-05  1.50010774e+00  0.00000000e+00  7.53984047e-01 
 2.03003929e-05  1.49979516e+00  0.00000000e+00  7.55894217e-01 
 2.03005735e-05  1.49997347e+00  0.00000000e+00  7.58602471e-01 
 2.03006682e-05  1.50000875e+00  0.00000000e+00  7.60022935e-01 
 2.03007824e-05  1.50000876e+00  0.00000000e+00  7.61736185e-01 
 2.03009027e-05  1.50000321e+00  0.00000000e+00  7.63540057e-01 
 2.03011026e-05  1.49999960e+00  0.00000000e+00  7.66538395e-01 
 2.03015023e-05  1.49999884e+00  0.00000000e+00  7.72535072e-01 
 2.03021006e-05  1.49999935e+00  0.00000000e+00  7.81508564e-01 
 2.03031105e-05  1.49999962e+00  0.00000000e+00  7.96657277e-01 
 2.03043401e-05  1.49999964e+00  0.00000000e+00  8.15102205e-01 
 2.03059765e-05  1.49999962e+00  0.00000000e+00  8.39647998e-01 
 2.03082160e-05  1.49999961e+00  0.00000000e+00  8.73239348e-01 
 2.03122463e-05  1.49999960e+00  0.00000000e+00  9.33695020e-01 
 2.03182413e-05  1.49999960e+00  0.00000000e+00  1.02361923e+00 
 2.03248658e-05  1.49999960e+00  0.00000000e+00  1.12298713e+00 
 2.03343459e-05  1.49999960e+00  0.00000000e+00  1.26518924e+00 
 2.03463552e-05  1.49999960e+00  0.00000000e+00  1.44532749e+00 
 2.03500000e-05  1.49999961e+00  0.00000000e+00  1.50000000e+00 
 2.03518662e-05  1.49999961e+00  0.00000000e+00  1.50000000e+00 
 2.03555985e-05  1.49999961e+00  0.00000000e+00  1.50000000e+00 
 2.03630631e-05  1.49999961e+00  0.00000000e+00  1.50000000e+00 
 2.03779924e-05  1.49999961e+00  0.00000000e+00  1.50000000e+00 
 2.04078510e-05  1.49999961e+00  0.00000000e+00  1.50000000e+00 
 2.04412175e-05  1.49999961e+00  0.00000000e+00  1.50000000e+00 
 2.04921159e-05  1.49999961e+00  0.00000000e+00  1.50000000e+00 
 2.05502063e-05  1.49999961e+00  0.00000000e+00  1.50000000e+00 
 2.05907681e-05  1.49999961e+00  0.00000000e+00  1.50000000e+00 
 2.06302092e-05  1.49999961e+00  0.00000000e+00  1.50000000e+00 
 2.06737980e-05  1.49999961e+00  0.00000000e+00  1.50000000e+00 
 2.07206920e-05  1.49999961e+00  0.00000000e+00  1.50000000e+00 
 2.07723945e-05  1.49999961e+00  0.00000000e+00  1.50000000e+00 
 2.08300950e-05  1.49999961e+00  0.00000000e+00  1.50000000e+00 
 2.08959099e-05  1.49999961e+00  0.00000000e+00  1.50000000e+00 
 2.09724697e-05  1.49999961e+00  0.00000000e+00  1.50000000e+00 
 2.10639020e-05  1.49999961e+00  0.00000000e+00  1.50000000e+00 
 2.11763674e-05  1.49999961e+00  0.00000000e+00  1.50000000e+00 
 2.13205696e-05  1.49999961e+00  0.00000000e+00  1.50000000e+00 
 2.15161406e-05  1.49999961e+00  0.00000000e+00  1.50000000e+00 
 2.18060673e-05  1.49999961e+00  0.00000000e+00  1.50000000e+00 
 2.23074519e-05  1.49999961e+00  0.00000000e+00  1.50000000e+00 
 2.23500000e-05  1.49999961e+00  0.00000000e+00  1.50000000e+00 
 2.23600000e-05  1.49999961e+00  0.00000000e+00  1.35000000e+00 
 2.23800000e-05  1.49999961e+00  0.00000000e+00  1.05000000e+00 
 2.23845833e-05  1.49999961e+00  0.00000000e+00  9.81250000e-01 
 2.23926042e-05  1.49999961e+00  0.00000000e+00  8.60937500e-01 
 2.24014844e-05  1.49999961e+00  0.00000000e+00  7.27734375e-01 
 2.24192448e-05  1.49999961e+00  0.00000000e+00  4.61328125e-01 
 2.24500000e-05  1.49999961e+00  0.00000000e+00  7.99360578e-15 
 2.24535521e-05  1.49999961e+00  0.00000000e+00  0.00000000e+00 
 2.24606562e-05  1.49999961e+00  0.00000000e+00  0.00000000e+00 
 2.24748646e-05  1.49999961e+00  0.00000000e+00  0.00000000e+00 
 2.25000000e-05  1.49999961e+00  0.00000000e+00  0.00000000e+00 
 2.25015796e-05  1.50000245e+00  2.36937120e-02  0.00000000e+00 
 2.25047387e-05  1.50000249e+00  7.10811360e-02  0.00000000e+00 
 2.25110571e-05  1.50000256e+00  1.65855984e-01  0.00000000e+00 
 2.25231597e-05  1.50000267e+00  3.47395360e-01  0.00000000e+00 
 2.25307084e-05  1.50000270e+00  4.60625278e-01  0.00000000e+00 
 2.25399336e-05  1.50000321e+00  5.99003526e-01  0.00000000e+00 
 2.25415770e-05  1.50000321e+00  6.23655098e-01  0.00000000e+00 
 2.25448639e-05  1.50000328e+00  6.72958243e-01  0.00000000e+00 
 2.25456357e-05  1.50000330e+00  6.84535085e-01  0.00000000e+00 
 2.25471793e-05  1.50000333e+00  7.07688770e-01  0.00000000e+00 
 2.25475417e-05  1.50000334e+00  7.13125200e-01  0.00000000e+00 
 2.25482665e-05  1.50000335e+00  7.23998060e-01  0.00000000e+00 
 2.25497163e-05  1.50000338e+00  7.45743778e-01  0.00000000e+00 
 2.25498462e-05  1.50000338e+00  7.47692524e-01  0.00000000e+00 
 2.25499075e-05  1.50000338e+00  7.48612784e-01  0.00000000e+00 
 2.25499249e-05  1.50000339e+00  7.48874051e-01  0.00000000e+00 
 2.25499598e-05  1.50000339e+00  7.49396585e-01  0.00000000e+00 
 2.25499680e-05  1.50000339e+00  7.49519270e-01  0.00000000e+00 
 2.25499843e-05  1.50000339e+00  7.49764639e-01  0.00000000e+00 
 2.25499881e-05  1.50000339e+00  7.49822249e-01  0.00000000e+00 
 2.25499958e-05  1.50000339e+00  7.49937468e-01  0.00000000e+00 
 2.25499976e-05  1.50000339e+00  7.49964519e-01  0.00000000e+00 
 2.25499982e-05  1.50000339e+00  7.49973667e-01  0.00000000e+00 
 2.25499995e-05  1.50000339e+00  7.49991961e-01  0.00000000e+00 
 2.25499998e-05  1.50000339e+00  7.49996256e-01  0.00000000e+00 
 2.25499998e-05  1.50000339e+00  7.49997708e-01  0.00000000e+00 
 2.25499999e-05  1.50000339e+00  7.49998153e-01  0.00000000e+00 
 2.25499999e-05  1.50000339e+00  7.49999043e-01  0.00000000e+00 
 2.25500000e-05  1.50000339e+00  7.49999268e-01  0.00000000e+00 
 2.25500000e-05  1.50000339e+00  7.49999718e-01  0.00000000e+00 
 2.25500000e-05  1.50000339e+00  7.49999855e-01  0.00000000e+00 
 2.25500000e-05  1.50000339e+00  7.49999942e-01  0.00000000e+00 
 2.25500000e-05  1.50000339e+00  7.49999999e-01  0.00000000e+00 
 2.25500000e-05  1.50380312e+00  7.50000045e-01  0.00000000e+00 
 2.25500000e-05  1.50655608e+00  7.50000083e-01  0.00000000e+00 
 2.25500000e-05  1.50832093e+00  7.50000123e-01  0.00000000e+00 
 2.25500000e-05  1.50955223e+00  7.50000172e-01  0.00000000e+00 
 2.25500000e-05  1.51083574e+00  7.50000272e-01  0.00000000e+00 
 2.25500000e-05  1.51209426e+00  7.50000443e-01  0.00000000e+00 
 2.25500000e-05  1.51336692e+00  7.50000690e-01  0.00000000e+00 
 2.25500001e-05  1.51433900e+00  7.50000949e-01  0.00000000e+00 
 2.25500001e-05  1.51500979e+00  7.50001195e-01  0.00000000e+00 
 2.25500001e-05  1.51549695e+00  7.50001440e-01  0.00000000e+00 
 2.25500001e-05  1.51584319e+00  7.50001676e-01  0.00000000e+00 
 2.25500001e-05  1.51611170e+00  7.50001918e-01  0.00000000e+00 
 2.25500001e-05  1.51631989e+00  7.50002160e-01  0.00000000e+00 
 2.25500002e-05  1.51649036e+00  7.50002413e-01  0.00000000e+00 
 2.25500002e-05  1.51662840e+00  7.50002671e-01  0.00000000e+00 
 2.25500002e-05  1.51674275e+00  7.50002942e-01  0.00000000e+00 
 2.25500002e-05  1.51683534e+00  7.50003224e-01  0.00000000e+00 
 2.25500002e-05  1.51690973e+00  7.50003525e-01  0.00000000e+00 
 2.25500003e-05  1.51696626e+00  7.50003845e-01  0.00000000e+00 
 2.25500003e-05  1.51700553e+00  7.50004193e-01  0.00000000e+00 
 2.25500003e-05  1.51702625e+00  7.50004573e-01  0.00000000e+00 
 2.25500003e-05  1.51702632e+00  7.50004999e-01  0.00000000e+00 
 2.25500004e-05  1.51700194e+00  7.50005481e-01  0.00000000e+00 
 2.25500004e-05  1.51694707e+00  7.50006040e-01  0.00000000e+00 
 2.25500004e-05  1.51685267e+00  7.50006702e-01  0.00000000e+00 
 2.25500005e-05  1.51670395e+00  7.50007513e-01  0.00000000e+00 
 2.25500006e-05  1.51647725e+00  7.50008544e-01  0.00000000e+00 
 2.25500007e-05  1.51612929e+00  7.50009934e-01  0.00000000e+00 
 2.25500008e-05  1.51557473e+00  7.50011967e-01  0.00000000e+00 
 2.25500010e-05  1.51460052e+00  7.50015409e-01  0.00000000e+00 
 2.25500015e-05  1.51271502e+00  7.50022293e-01  0.00000000e+00 
 2.25500024e-05  1.50941238e+00  7.50036060e-01  0.00000000e+00 
 2.25500041e-05  1.50466213e+00  7.50062137e-01  0.00000000e+00 
 2.25500076e-05  1.49927537e+00  7.50114289e-01  0.00000000e+00 
 2.25500123e-05  1.49689192e+00  7.50185210e-01  0.00000000e+00 
 2.25500179e-05  1.49701182e+00  7.50268702e-01  0.00000000e+00 
 2.25500237e-05  1.49795425e+00  7.50355462e-01  0.00000000e+00 
 2.25500312e-05  1.49897086e+00  7.50467560e-01  0.00000000e+00 
 2.25500407e-05  1.49967746e+00  7.50610949e-01  0.00000000e+00 
 2.25500566e-05  1.50007010e+00  7.50848508e-01  0.00000000e+00 
 2.25500882e-05  1.50013040e+00  7.51323627e-01  0.00000000e+00 
 2.25501516e-05  1.50003484e+00  7.52273864e-01  0.00000000e+00 
 2.25502376e-05  1.49999797e+00  7.53564508e-01  0.00000000e+00 
 2.25503823e-05  1.49999937e+00  7.55734106e-01  0.00000000e+00 
 2.25505327e-05  1.50000252e+00  7.57990393e-01  0.00000000e+00 
 2.25508335e-05  1.50000323e+00  7.62502968e-01  0.00000000e+00 
 2.25511436e-05  1.50000317e+00  7.67154182e-01  0.00000000e+00 
 2.25517615e-05  1.50000323e+00  7.76421850e-01  0.00000000e+00 
 2.25526279e-05  1.50000334e+00  7.89418463e-01  0.00000000e+00 
 2.25538480e-05  1.50000340e+00  8.07720302e-01  0.00000000e+00 
 2.25553222e-05  1.50000342e+00  8.29832365e-01  0.00000000e+00 
 2.25574290e-05  1.50000343e+00  8.61434378e-01  0.00000000e+00 
 2.25606995e-05  1.50000343e+00  9.10493003e-01  0.00000000e+00 
 2.25665247e-05  1.50000333e+00  9.97870238e-01  0.00000000e+00 
 2.25726442e-05  1.50000283e+00  1.08966241e+00  0.00000000e+00 
 2.25816601e-05  1.50000150e+00  1.22490077e+00  0.00000000e+00 
 2.25926979e-05  1.50000133e+00  1.39046882e+00  0.00000000e+00 
 2.26000000e-05  1.50000151e+00  1.50000000e+00  0.00000000e+00 
 2.26006483e-05  1.49999956e+00  1.50000000e+00  0.00000000e+00 
 2.26019449e-05  1.49999951e+00  1.50000000e+00  0.00000000e+00 
 2.26045381e-05  1.49999953e+00  1.50000000e+00  0.00000000e+00 
 2.26097245e-05  1.49999953e+00  1.50000000e+00  0.00000000e+00 
 2.26200974e-05  1.49999953e+00  1.50000000e+00  0.00000000e+00 
 2.26408431e-05  1.49999953e+00  1.50000000e+00  0.00000000e+00 
 2.26608929e-05  1.49999953e+00  1.50000000e+00  0.00000000e+00 
 2.26837077e-05  1.49999953e+00  1.50000000e+00  0.00000000e+00 
 2.27046130e-05  1.49999953e+00  1.50000000e+00  0.00000000e+00 
 2.27285829e-05  1.49999953e+00  1.50000000e+00  0.00000000e+00 
 2.27532717e-05  1.49999953e+00  1.50000000e+00  0.00000000e+00 
 2.27834559e-05  1.49999953e+00  1.50000000e+00  0.00000000e+00 
 2.28177248e-05  1.49999953e+00  1.50000000e+00  0.00000000e+00 
 2.28617259e-05  1.49999953e+00  1.50000000e+00  0.00000000e+00 
 2.29164284e-05  1.49999953e+00  1.50000000e+00  0.00000000e+00 
 2.29924788e-05  1.49999953e+00  1.50000000e+00  0.00000000e+00 
 2.31016613e-05  1.49999953e+00  1.50000000e+00  0.00000000e+00 
 2.32906772e-05  1.49999953e+00  1.50000000e+00  0.00000000e+00 
 2.36687088e-05  1.49999953e+00  1.50000000e+00  0.00000000e+00 
 2.44247721e-05  1.49999953e+00  1.50000000e+00  0.00000000e+00 
 2.46000000e-05  1.49999953e+00  1.50000000e+00  0.00000000e+00 
 2.46023424e-05  1.49999755e+00  1.46486373e+00  0.00000000e+00 
 2.46070273e-05  1.49999751e+00  1.39459118e+00  0.00000000e+00 
 2.46163969e-05  1.49999746e+00  1.25404608e+00  0.00000000e+00 
 2.46286130e-05  1.49999671e+00  1.07080461e+00  0.00000000e+00 
 2.46374386e-05  1.49999535e+00  9.38420659e-01  0.00000000e+00 
 2.46431836e-05  1.49999547e+00  8.52245385e-01  0.00000000e+00 
 2.46516292e-05  1.49999564e+00  7.25561346e-01  0.00000000e+00 
 2.46685204e-05  1.49999621e+00  4.72193269e-01  0.00000000e+00 
 2.46772672e-05  1.49999683e+00  3.40991641e-01  0.00000000e+00 
 2.46899026e-05  1.49999656e+00  1.51461259e-01  0.00000000e+00 
 2.46986928e-05  1.49999675e+00  1.96073502e-02  0.00000000e+00 
 2.47000000e-05  1.49999677e+00  7.99360578e-15  0.00000000e+00 
 2.47003864e-05  1.49999961e+00  0.00000000e+00  0.00000000e+00 
 2.47011593e-05  1.49999962e+00  0.00000000e+00  0.00000000e+00 
 2.47025699e-05  1.49999961e+00  0.00000000e+00  0.00000000e+00 
 2.47053910e-05  1.49999961e+00  0.00000000e+00  0.00000000e+00 
 2.47110334e-05  1.49999961e+00  0.00000000e+00  0.00000000e+00 
 2.47223181e-05  1.49999961e+00  0.00000000e+00  0.00000000e+00 
 2.47448875e-05  1.49999961e+00  0.00000000e+00  0.00000000e+00 
 2.47500000e-05  1.49999961e+00  0.00000000e+00  0.00000000e+00 
 2.47545139e-05  1.49999961e+00  0.00000000e+00  6.77082048e-02 
 2.47635416e-05  1.49999961e+00  0.00000000e+00  2.03124614e-01 
 2.47815972e-05  1.49999961e+00  0.00000000e+00  4.73957434e-01 
 2.47858810e-05  1.49999961e+00  0.00000000e+00  5.38215415e-01 
 2.47933778e-05  1.49999961e+00  0.00000000e+00  6.50666882e-01 
 2.47946140e-05  1.49999961e+00  0.00000000e+00  6.69209837e-01 
 2.47970864e-05  1.49999961e+00  0.00000000e+00  7.06295746e-01 
 2.47976673e-05  1.49999961e+00  0.00000000e+00  7.15010170e-01 
 2.47988293e-05  1.49999961e+00  0.00000000e+00  7.32439020e-01 
 2.47991022e-05  1.49999961e+00  0.00000000e+00  7.36532880e-01 
 2.47996480e-05  1.49999961e+00  0.00000000e+00  7.44720601e-01 
 2.47997772e-05  1.49999961e+00  0.00000000e+00  7.46657887e-01 
 2.47998249e-05  1.49999961e+00  0.00000000e+00  7.47374058e-01 
 2.47999204e-05  1.49999961e+00  0.00000000e+00  7.48806399e-01 
 2.47999458e-05  1.49999961e+00  0.00000000e+00  7.49186974e-01 
 2.47999965e-05  1.49999961e+00  0.00000000e+00  7.49948124e-01 
 2.48000073e-05  1.50342027e+00  0.00000000e+00  7.50108871e-01 
 2.48000151e-05  1.50144993e+00  0.00000000e+00  7.50226613e-01 
 2.48000211e-05  1.50051499e+00  0.00000000e+00  7.50315775e-01 
 2.48000279e-05  1.49993195e+00  0.00000000e+00  7.50417908e-01 
 2.48000415e-05  1.49948323e+00  0.00000000e+00  7.50622175e-01 
 2.48000687e-05  1.49943643e+00  0.00000000e+00  7.51030710e-01 
 2.48001039e-05  1.49964759e+00  0.00000000e+00  7.51559069e-01 
 2.48001417e-05  1.49980800e+00  0.00000000e+00  7.52125169e-01 
 2.48001844e-05  1.49989721e+00  0.00000000e+00  7.52765472e-01 
 2.48002306e-05  1.49994401e+00  0.00000000e+00  7.53459397e-01 
 2.48002848e-05  1.49997264e+00  0.00000000e+00  7.54271462e-01 
 2.48003475e-05  1.49998910e+00  0.00000000e+00  7.55212647e-01 
 2.48004253e-05  1.49999747e+00  0.00000000e+00  7.56380202e-01 
 2.48005231e-05  1.50000037e+00  0.00000000e+00  7.57846383e-01 
 2.48006557e-05  1.50000056e+00  0.00000000e+00  7.59836015e-01 
 2.48008463e-05  1.49999992e+00  0.00000000e+00  7.62693874e-01 
 2.48011604e-05  1.49999949e+00  0.00000000e+00  7.67405831e-01 
 2.48017797e-05  1.49999948e+00  0.00000000e+00  7.76695841e-01 
 2.48027166e-05  1.49999958e+00  0.00000000e+00  7.90748472e-01 
 2.48038909e-05  1.49999962e+00  0.00000000e+00  8.08363754e-01 
 2.48053627e-05  1.49999963e+00  0.00000000e+00  8.30440890e-01 
 2.48072933e-05  1.49999962e+00  0.00000000e+00  8.59399785e-01 
 2.48103298e-05  1.49999961e+00  0.00000000e+00  9.04946853e-01 
 2.48164027e-05  1.49999960e+00  0.00000000e+00  9.96040990e-01 
 2.48224125e-05  1.49999960e+00  0.00000000e+00  1.08618682e+00 
 2.48314006e-05  1.49999960e+00  0.00000000e+00  1.22100929e+00 
 2.48421447e-05  1.49999961e+00  0.00000000e+00  1.38217115e+00 
 2.48500000e-05  1.49999961e+00  0.00000000e+00  1.50000000e+00 
 2.48516894e-05  1.49999961e+00  0.00000000e+00  1.50000000e+00 
 2.48550683e-05  1.49999961e+00  0.00000000e+00  1.50000000e+00 
 2.48618261e-05  1.49999961e+00  0.00000000e+00  1.50000000e+00 
 2.48753417e-05  1.49999961e+00  0.00000000e+00  1.50000000e+00 
 2.49023728e-05  1.49999961e+00  0.00000000e+00  1.50000000e+00 
 2.49392705e-05  1.49999961e+00  0.00000000e+00  1.50000000e+00 
 2.49822499e-05  1.49999961e+00  0.00000000e+00  1.50000000e+00 
 2.50308958e-05  1.49999961e+00  0.00000000e+00  1.50000000e+00 
 2.50883147e-05  1.49999961e+00  0.00000000e+00  1.50000000e+00 
 2.51229004e-05  1.49999961e+00  0.00000000e+00  1.50000000e+00 
 2.51549403e-05  1.49999961e+00  0.00000000e+00  1.50000000e+00 
 2.51889518e-05  1.49999961e+00  0.00000000e+00  1.50000000e+00 
 2.52282975e-05  1.49999961e+00  0.00000000e+00  1.50000000e+00 
 2.52672731e-05  1.49999961e+00  0.00000000e+00  1.50000000e+00 
 2.53113713e-05  1.49999961e+00  0.00000000e+00  1.50000000e+00 
 2.53562799e-05  1.49999961e+00  0.00000000e+00  1.50000000e+00 
 2.54073166e-05  1.49999961e+00  0.00000000e+00  1.50000000e+00 
 2.54617648e-05  1.49999961e+00  0.00000000e+00  1.50000000e+00 
 2.55249397e-05  1.49999961e+00  0.00000000e+00  1.50000000e+00 
 2.55956462e-05  1.49999961e+00  0.00000000e+00  1.50000000e+00 
 2.56803928e-05  1.49999961e+00  0.00000000e+00  1.50000000e+00 
 2.57807076e-05  1.49999961e+00  0.00000000e+00  1.50000000e+00 
 2.59078090e-05  1.49999961e+00  0.00000000e+00  1.50000000e+00 
 2.60718028e-05  1.49999961e+00  0.00000000e+00  1.50000000e+00 
 2.63037003e-05  1.49999961e+00  0.00000000e+00  1.50000000e+00 
 2.66616494e-05  1.49999961e+00  0.00000000e+00  1.50000000e+00 
 2.68500000e-05  1.49999961e+00  0.00000000e+00  1.50000000e+00 
 2.68600000e-05  1.49999961e+00  0.00000000e+00  1.35000000e+00 
 2.68800000e-05  1.49999961e+00  0.00000000e+00  1.05000000e+00 
 2.68845833e-05  1.49999961e+00  0.00000000e+00  9.81250000e-01 
 2.68926042e-05  1.49999961e+00  0.00000000e+00  8.60937500e-01 
 2.69014844e-05  1.49999961e+00  0.00000000e+00  7.27734375e-01 
 2.69192448e-05  1.49999961e+00  0.00000000e+00  4.61328125e-01 
 2.69500000e-05  1.49999961e+00  0.00000000e+00  7.99360578e-15 
 2.69535521e-05  1.49999961e+00  0.00000000e+00  0.00000000e+00 
 2.69606562e-05  1.49999961e+00  0.00000000e+00  0.00000000e+00 
 2.69748646e-05  1.49999961e+00  0.00000000e+00  0.00000000e+00 
 2.70000000e-05  1.49999961e+00  5.08219768e-14  0.00000000e+00 
 2.70015707e-05  1.50000245e+00  2.35610870e-02  0.00000000e+00 
 2.70047122e-05  1.50000249e+00  7.06832611e-02  0.00000000e+00 
 2.70109952e-05  1.50000256e+00  1.64927609e-01  0.00000000e+00 
 2.70229591e-05  1.50000267e+00  3.44385895e-01  0.00000000e+00 
 2.70300002e-05  1.50000248e+00  4.50003481e-01  0.00000000e+00 
 2.70395167e-05  1.50000318e+00  5.92750541e-01  0.00000000e+00 
 2.70411872e-05  1.50000325e+00  6.17807660e-01  0.00000000e+00 
 2.70445281e-05  1.50000335e+00  6.67921897e-01  0.00000000e+00 
 2.70453126e-05  1.50000336e+00  6.79689208e-01  0.00000000e+00 
 2.70468816e-05  1.50000340e+00  7.03223829e-01  0.00000000e+00 
 2.70472500e-05  1.50000340e+00  7.08749705e-01  0.00000000e+00 
 2.70479868e-05  1.50000342e+00  7.19801457e-01  0.00000000e+00 
 2.70494603e-05  1.50000345e+00  7.41904961e-01  0.00000000e+00 
 2.70498063e-05  1.50000346e+00  7.47094800e-01  0.00000000e+00 
 2.70499233e-05  1.50000346e+00  7.48849637e-01  0.00000000e+00 
 2.70499591e-05  1.50000346e+00  7.49387174e-01  0.00000000e+00 
 2.70499704e-05  1.50000346e+00  7.49556022e-01  0.00000000e+00 
 2.70499929e-05  1.50000346e+00  7.49893718e-01  0.00000000e+00 
 2.70499982e-05  1.50000346e+00  7.49973004e-01  0.00000000e+00 
 2.70500000e-05  1.50000346e+00  7.49999814e-01  0.00000000e+00 
 2.70500003e-05  1.51752483e+00  7.50003759e-01  0.00000000e+00 
 2.70500003e-05  1.51873571e+00  7.50004748e-01  0.00000000e+00 
 2.70500003e-05  1.51901988e+00  7.50005224e-01  0.00000000e+00 
 2.70500004e-05  1.51922548e+00  7.50005864e-01  0.00000000e+00 
 2.70500004e-05  1.51926469e+00  7.50006137e-01  0.00000000e+00 
 2.70500004e-05  1.51928405e+00  7.50006399e-01  0.00000000e+00 
 2.70500004e-05  1.51929074e+00  7.50006704e-01  0.00000000e+00 
 2.70500005e-05  1.51928330e+00  7.50007037e-01  0.00000000e+00 
 2.70500005e-05  1.51925849e+00  7.50007435e-01  0.00000000e+00 
 2.70500005e-05  1.51921467e+00  7.50007874e-01  0.00000000e+00 
 2.70500006e-05  1.51914499e+00  7.50008393e-01  0.00000000e+00 
 2.70500006e-05  1.51904534e+00  7.50008992e-01  0.00000000e+00 
 2.70500006e-05  1.51890127e+00  7.50009725e-01  0.00000000e+00 
 2.70500007e-05  1.51869989e+00  7.50010627e-01  0.00000000e+00 
 2.70500008e-05  1.51840629e+00  7.50011815e-01  0.00000000e+00 
 2.70500009e-05  1.51797096e+00  7.50013453e-01  0.00000000e+00 
 2.70500011e-05  1.51726164e+00  7.50016008e-01  0.00000000e+00 
 2.70500014e-05  1.51592621e+00  7.50020812e-01  0.00000000e+00 
 2.70500020e-05  1.51341801e+00  7.50030421e-01  0.00000000e+00 
 2.70500033e-05  1.50925439e+00  7.50048937e-01  0.00000000e+00 
 2.70500057e-05  1.50309207e+00  7.50085969e-01  0.00000000e+00 
 2.70500094e-05  1.49805893e+00  7.50141680e-01  0.00000000e+00 
 2.70500137e-05  1.49624835e+00  7.50204763e-01  0.00000000e+00 
 2.70500189e-05  1.49647167e+00  7.50283275e-01  0.00000000e+00 
 2.70500245e-05  1.49751762e+00  7.50367185e-01  0.00000000e+00 
 2.70500315e-05  1.49866126e+00  7.50472186e-01  0.00000000e+00 
 2.70500405e-05  1.49951992e+00  7.50607692e-01  0.00000000e+00 
 2.70500547e-05  1.50002994e+00  7.50820641e-01  0.00000000e+00 
 2.70500816e-05  1.50016098e+00  7.51223395e-01  0.00000000e+00 
 2.70501353e-05  1.50006409e+00  7.52028903e-01  0.00000000e+00 
 2.70502160e-05  1.50000017e+00  7.53240252e-01  0.00000000e+00 
 2.70503296e-05  1.49999599e+00  7.54943954e-01  0.00000000e+00 
 2.70505074e-05  1.50000189e+00  7.57610348e-01  0.00000000e+00 
 2.70507288e-05  1.50000323e+00  7.60931495e-01  0.00000000e+00 
 2.70510245e-05  1.50000319e+00  7.65367575e-01  0.00000000e+00 
 2.70515200e-05  1.50000321e+00  7.72799988e-01  0.00000000e+00 
 2.70521812e-05  1.50000329e+00  7.82718492e-01  0.00000000e+00 
 2.70531597e-05  1.50000337e+00  7.97396222e-01  0.00000000e+00 
 2.70543381e-05  1.50000341e+00  8.15071377e-01  0.00000000e+00 
 2.70560213e-05  1.50000343e+00  8.40320092e-01  0.00000000e+00 
 2.70583574e-05  1.50000344e+00  8.75360453e-01  0.00000000e+00 
 2.70624015e-05  1.50000342e+00  9.36022598e-01  0.00000000e+00 
 2.70692429e-05  1.50000320e+00  1.03864289e+00  0.00000000e+00 
 2.70758865e-05  1.50000235e+00  1.13829711e+00  0.00000000e+00 
 2.70825945e-05  1.50000143e+00  1.23891753e+00  0.00000000e+00 
 2.70904534e-05  1.50000146e+00  1.35680084e+00  0.00000000e+00 
 2.71000000e-05  1.50000151e+00  1.50000000e+00  0.00000000e+00 
 2.71010427e-05  1.49999955e+00  1.50000000e+00  0.00000000e+00 
 2.71031282e-05  1.49999952e+00  1.50000000e+00  0.00000000e+00 
 2.71072991e-05  1.49999953e+00  1.50000000e+00  0.00000000e+00 
 2.71156410e-05  1.49999953e+00  1.50000000e+00  0.00000000e+00 
 2.71304036e-05  1.49999953e+00  1.50000000e+00  0.00000000e+00 
 2.71467846e-05  1.49999953e+00  1.50000000e+00  0.00000000e+00 
 2.71712950e-05  1.49999953e+00  1.50000000e+00  0.00000000e+00 
 2.71931215e-05  1.49999953e+00  1.50000000e+00  0.00000000e+00 
 2.72178014e-05  1.49999953e+00  1.50000000e+00  0.00000000e+00 
 2.72431549e-05  1.49999953e+00  1.50000000e+00  0.00000000e+00 
 2.72707988e-05  1.49999953e+00  1.50000000e+00  0.00000000e+00 
 2.73031256e-05  1.49999953e+00  1.50000000e+00  0.00000000e+00 
 2.73419780e-05  1.49999953e+00  1.50000000e+00  0.00000000e+00 
 2.73914298e-05  1.49999953e+00  1.50000000e+00  0.00000000e+00 
 2.74564012e-05  1.49999953e+00  1.50000000e+00  0.00000000e+00 
 2.75487119e-05  1.49999953e+00  1.50000000e+00  0.00000000e+00 
 2.76930681e-05  1.49999953e+00  1.50000000e+00  0.00000000e+00 
 2.79761464e-05  1.49999953e+00  1.50000000e+00  0.00000000e+00 
 2.85423030e-05  1.49999953e+00  1.50000000e+00  0.00000000e+00 
 2.91000000e-05  1.49999953e+00  1.50000000e+00  0.00000000e+00 
 2.91071792e-05  1.49999753e+00  1.39231250e+00  0.00000000e+00 
 2.91215375e-05  1.49999737e+00  1.17693751e+00  0.00000000e+00 
 2.91277076e-05  1.49999659e+00  1.08438672e+00  0.00000000e+00 
 2.91376081e-05  1.49999527e+00  9.35878704e-01  0.00000000e+00 
 2.91426108e-05  1.49999543e+00  8.60838299e-01  0.00000000e+00 
 2.91514860e-05  1.49999559e+00  7.27709575e-01  0.00000000e+00 
 2.91692365e-05  1.49999629e+00  4.61452126e-01  0.00000000e+00 
 2.91779429e-05  1.49999690e+00  3.30856639e-01  0.00000000e+00 
 2.91897739e-05  1.49999652e+00  1.53391878e-01  0.00000000e+00 
 2.91987804e-05  1.49999675e+00  1.82943463e-02  0.00000000e+00 
 2.92000000e-05  1.49999678e+00  7.99360578e-15  0.00000000e+00 
 2.92003664e-05  1.49999961e+00  0.00000000e+00  0.00000000e+00 
 2.92010993e-05  1.49999961e+00  0.00000000e+00  0.00000000e+00 
 2.92024514e-05  1.49999961e+00  0.00000000e+00  0.00000000e+00 
 2.92051557e-05  1.49999961e+00  0.00000000e+00  0.00000000e+00 
 2.92105642e-05  1.49999961e+00  0.00000000e+00  0.00000000e+00 
 2.92204226e-05  1.49999961e+00  0.00000000e+00  0.00000000e+00 
 2.92401393e-05  1.49999961e+00  0.00000000e+00  0.00000000e+00 
 2.92500000e-05  1.49999961e+00  0.00000000e+00  5.08219768e-14 
 2.92539433e-05  1.49999961e+00  0.00000000e+00  5.91500765e-02 
 2.92618300e-05  1.49999961e+00  0.00000000e+00  1.77450229e-01 
 2.92776034e-05  1.49999961e+00  0.00000000e+00  4.14050535e-01 
 2.92826361e-05  1.49999961e+00  0.00000000e+00  4.89541060e-01 
 2.92914433e-05  1.49999961e+00  0.00000000e+00  6.21649478e-01 
 2.92926622e-05  1.49999961e+00  0.00000000e+00  6.39932340e-01 
 2.92950999e-05  1.49999961e+00  0.00000000e+00  6.76498062e-01 
 2.92984517e-05  1.49999961e+00  0.00000000e+00  7.26775931e-01 
 2.92992231e-05  1.49999961e+00  0.00000000e+00  7.38345757e-01 
 2.92995731e-05  1.49999961e+00  0.00000000e+00  7.43595877e-01 
 2.92997177e-05  1.49999961e+00  0.00000000e+00  7.45765356e-01 
 2.92997860e-05  1.49999961e+00  0.00000000e+00  7.46790041e-01 
 2.92999226e-05  1.49999961e+00  0.00000000e+00  7.48839412e-01 
 2.92999750e-05  1.49999961e+00  0.00000000e+00  7.49624325e-01 
 2.93000020e-05  1.50046818e+00  0.00000000e+00  7.50030682e-01 
 2.93000150e-05  1.50009437e+00  0.00000000e+00  7.50225725e-01 
 2.93000290e-05  1.49992245e+00  0.00000000e+00  7.50434506e-01 
 2.93000436e-05  1.49988219e+00  0.00000000e+00  7.50654138e-01 
 2.93000729e-05  1.49990188e+00  0.00000000e+00  7.51093403e-01 
 2.93001202e-05  1.49994960e+00  0.00000000e+00  7.51802425e-01 
 2.93001728e-05  1.49997763e+00  0.00000000e+00  7.52591903e-01 
 2.93002351e-05  1.49999087e+00  0.00000000e+00  7.53527039e-01 
 2.93003069e-05  1.49999653e+00  0.00000000e+00  7.54603104e-01 
 2.93003965e-05  1.49999901e+00  0.00000000e+00  7.55947453e-01 
 2.93005104e-05  1.49999975e+00  0.00000000e+00  7.57655264e-01 
 2.93006685e-05  1.49999973e+00  0.00000000e+00  7.60026899e-01 
 2.93009007e-05  1.49999955e+00  0.00000000e+00  7.63510381e-01 
 2.93012864e-05  1.49999949e+00  0.00000000e+00  7.69296058e-01 
 2.93019610e-05  1.49999955e+00  0.00000000e+00  7.79414276e-01 
 2.93029516e-05  1.49999960e+00  0.00000000e+00  7.94273519e-01 
 2.93041911e-05  1.49999962e+00  0.00000000e+00  8.12867171e-01 
 2.93058113e-05  1.49999962e+00  0.00000000e+00  8.37169424e-01 
 2.93079470e-05  1.49999961e+00  0.00000000e+00  8.69205196e-01 
 2.93114748e-05  1.49999961e+00  0.00000000e+00  9.22122296e-01 
 2.93185304e-05  1.49999960e+00  0.00000000e+00  1.02795650e+00 
 2.93249298e-05  1.49999960e+00  0.00000000e+00  1.12394724e+00 
 2.93355026e-05  1.49999961e+00  0.00000000e+00  1.28253830e+00 
 2.93474349e-05  1.49999961e+00  0.00000000e+00  1.46152293e+00 
 2.93500000e-05  1.49999961e+00  0.00000000e+00  1.50000000e+00 
 2.93517896e-05  1.49999961e+00  0.00000000e+00  1.50000000e+00 
 2.93553689e-05  1.49999961e+00  0.00000000e+00  1.50000000e+00 
 2.93625274e-05  1.49999961e+00  0.00000000e+00  1.50000000e+00 
 2.93768444e-05  1.49999961e+00  0.00000000e+00  1.50000000e+00 
 2.93933413e-05  1.49999961e+00  0.00000000e+00  1.50000000e+00 
 2.94227586e-05  1.49999961e+00  0.00000000e+00  1.50000000e+00 
 2.94629975e-05  1.49999961e+00  0.00000000e+00  1.50000000e+00 
 2.95012013e-05  1.49999961e+00  0.00000000e+00  1.50000000e+00 
 2.95473541e-05  1.49999961e+00  0.00000000e+00  1.50000000e+00 
 2.95901723e-05  1.49999961e+00  0.00000000e+00  1.50000000e+00 
 2.96158513e-05  1.49999961e+00  0.00000000e+00  1.50000000e+00 
 2.96391380e-05  1.49999961e+00  0.00000000e+00  1.50000000e+00 
 2.96617702e-05  1.49999961e+00  0.00000000e+00  1.50000000e+00 
 2.96883643e-05  1.49999961e+00  0.00000000e+00  1.50000000e+00 
 2.97176056e-05  1.49999961e+00  0.00000000e+00  1.50000000e+00 
 2.97482771e-05  1.49999961e+00  0.00000000e+00  1.50000000e+00 
 2.97814648e-05  1.49999961e+00  0.00000000e+00  1.50000000e+00 
 2.98165961e-05  1.49999961e+00  0.00000000e+00  1.50000000e+00 
 2.98551405e-05  1.49999961e+00  0.00000000e+00  1.50000000e+00 
 2.98970344e-05  1.49999961e+00  0.00000000e+00  1.50000000e+00 
 2.99436772e-05  1.49999961e+00  0.00000000e+00  1.50000000e+00 
 2.99956841e-05  1.49999961e+00  0.00000000e+00  1.50000000e+00 
 3.00548135e-05  1.49999961e+00  0.00000000e+00  1.50000000e+00 
 3.01225766e-05  1.49999961e+00  0.00000000e+00  1.50000000e+00 
 3.02020230e-05  1.49999961e+00  0.00000000e+00  1.50000000e+00 
 3.02968706e-05  1.49999961e+00  0.00000000e+00  1.50000000e+00 
 3.04139379e-05  1.49999961e+00  0.00000000e+00  1.50000000e+00 
 3.05639354e-05  1.49999961e+00  0.00000000e+00  1.50000000e+00 
 3.07681546e-05  1.49999961e+00  0.00000000e+00  1.50000000e+00 
 3.10717119e-05  1.49999961e+00  0.00000000e+00  1.50000000e+00 
 3.13500000e-05  1.49999961e+00  0.00000000e+00  1.50000000e+00 
 3.13600000e-05  1.49999961e+00  0.00000000e+00  1.35000000e+00 
 3.13800000e-05  1.49999961e+00  0.00000000e+00  1.05000000e+00 
 3.13845833e-05  1.49999961e+00  0.00000000e+00  9.81250000e-01 
 3.13926042e-05  1.49999961e+00  0.00000000e+00  8.60937500e-01 
 3.14014844e-05  1.49999961e+00  0.00000000e+00  7.27734375e-01 
 3.14192448e-05  1.49999961e+00  0.00000000e+00  4.61328125e-01 
 3.14500000e-05  1.49999961e+00  0.00000000e+00  7.99360578e-15 
 3.14535521e-05  1.49999961e+00  0.00000000e+00  0.00000000e+00 
 3.14606563e-05  1.49999961e+00  0.00000000e+00  0.00000000e+00 
 3.14748646e-05  1.49999961e+00  0.00000000e+00  0.00000000e+00 
 3.15000000e-05  1.49999961e+00  0.00000000e+00  0.00000000e+00 
 3.15015697e-05  1.50000245e+00  2.35449994e-02  0.00000000e+00 
 3.15047090e-05  1.50000249e+00  7.06349981e-02  0.00000000e+00 
 3.15109877e-05  1.50000256e+00  1.64814996e-01  0.00000000e+00 
 3.15222480e-05  1.50000267e+00  3.33720658e-01  0.00000000e+00 
 3.15292400e-05  1.50000242e+00  4.38600203e-01  0.00000000e+00 
 3.15392277e-05  1.50000305e+00  5.88415481e-01  0.00000000e+00 
 3.15409411e-05  1.50000325e+00  6.14116190e-01  0.00000000e+00 
 3.15443678e-05  1.50000338e+00  6.65517610e-01  0.00000000e+00 
